0,0,0,0,0,0
0,0,0,0,0,0
0,0,0,0,0,0
0,0,0,0,0,0
1,2,0,9991,29735,0
9531,28366,0,1,2,0
342,1013,0,1,1,0
0,0,0,0,0,0
1,2,0,9997,29735,0
9306,27696,0,10,9,0
343,1020,0,3,4,0
0,0,0,0,0,0
1,2,0,9983,29710,0
8742,26020,0,1,2,0
1240,3689,0,1,1,0
0,0,0,0,0,0
1,2,0,10005,29779,0
8725,25967,0,0,1,0
1281,3813,0,0,1,0
0,0,0,0,0,0
1,2,0,10006,29780,0
8752,26050,0,0,1,0
1252,3728,0,0,1,0
0,0,0,0,0,0
1,2,0,10001,29764,0
4644,13823,0,1,2,0
5367,15973,0,1,1,0
0,0,0,0,0,0
1,2,0,10004,29774,0
4458,13269,0,0,1,0
5546,16506,0,0,1,0
0,0,0,0,0,0
1,2,0,9983,29714,0
4396,13086,0,0,1,0
5587,16630,0,0,1,0
0,0,0,0,0,0
