0,0,0,0,0,0
0,0,0,0,0,0
0,0,0,0,0,0
0,0,0,0,0,0
4,5,0,4,5,0
0,1,0,0,1,0
3,4,0,3,4,0
0,0,0,0,0,0
4,5,0,4,5,0
0,1,0,0,1,0
3,4,0,3,4,0
0,0,0,0,0,0
4,6,0,4,6,0
1,1,0,1,1,0
3,4,0,3,4,0
0,0,0,0,0,0
4,5,0,4,5,0
0,1,0,0,1,0
3,4,0,3,4,0
0,0,0,0,0,0
4,5,0,4,5,0
0,1,0,0,1,0
3,4,0,3,4,0
0,0,0,0,0,0
4,5,0,4,5,0
0,1,0,0,1,0
3,4,0,3,4,0
0,0,0,0,0,0
4,5,0,4,5,0
0,1,0,0,1,0
3,4,0,3,4,0
0,0,0,0,0,0
3,5,0,3,5,0
0,1,0,0,1,0
3,4,0,3,4,0
0,0,0,0,0,0
5,6,0,5,6,0
1,1,0,1,1,0
3,5,0,3,5,0
0,0,0,0,0,0
4,5,0,4,5,0
0,1,0,0,1,0
3,4,0,3,4,0
0,0,0,0,0,0
4,5,0,4,5,0
0,1,0,0,1,0
3,4,0,3,5,0
0,0,0,0,0,0
4,5,0,4,6,0
0,1,0,1,1,0
3,5,0,3,4,0
0,0,0,0,0,0
4,5,0,4,6,0
0,1,0,1,1,0
3,5,0,3,4,0
0,0,0,0,0,0
4,5,0,4,5,0
0,1,0,1,1,0
3,4,0,3,4,0
0,0,0,0,0,0
4,5,0,6,7,0
1,1,0,1,1,0
4,5,0,3,5,0
0,0,0,0,0,0
4,6,0,5,6,0
1,1,0,3,3,0
4,5,0,4,5,0
0,0,0,0,0,0
4,5,0,4,6,0
0,1,0,1,1,0
3,5,0,3,4,0
0,0,0,0,0,0
3,5,0,4,5,0
0,1,0,1,1,0
3,4,0,3,4,0
0,0,0,0,0,0
4,6,0,4,6,0
0,1,0,0,1,0
3,5,0,3,5,0
0,0,0,0,0,0
4,5,0,4,5,0
0,1,0,0,1,0
3,4,0,3,4,0
0,0,0,0,0,0
3,5,0,3,5,0
0,1,0,0,1,0
3,4,0,3,4,0
0,0,0,0,0,0
5,6,0,5,6,0
1,1,0,1,1,0
3,5,0,3,5,0
0,0,0,0,0,0
4,5,0,4,5,0
0,1,0,0,1,0
3,4,0,3,4,0
0,0,0,0,0,0
3,5,0,3,5,0
0,1,0,0,1,0
3,4,0,3,4,0
0,0,0,0,0,0
4,5,0,4,5,0
0,1,0,0,1,0
3,4,0,3,4,0
0,0,0,0,0,0
4,6,0,4,6,0
0,1,0,0,1,0
3,5,0,3,5,0
0,0,0,0,0,0
3,5,0,3,5,0
0,1,0,0,1,0
3,4,0,3,4,0
0,0,0,0,0,0
4,6,0,4,6,0
1,1,0,1,1,0
3,4,0,3,4,0
0,0,0,0,0,0
4,5,0,4,5,0
0,1,0,0,1,0
3,4,0,3,4,0
0,0,0,0,0,0
4,6,0,4,6,0
0,1,0,0,1,0
3,5,0,3,5,0
0,0,0,0,0,0
3,5,0,3,5,0
0,1,0,0,1,0
3,4,0,3,4,0
0,0,0,0,0,0
4,5,0,4,5,0
0,1,0,0,1,0
3,4,0,3,4,0
0,0,0,0,0,0
4,6,0,4,6,0
0,1,0,0,1,0
3,5,0,3,5,0
0,0,0,0,0,0
3,5,0,3,5,0
0,1,0,0,1,0
3,4,0,3,4,0
0,0,0,0,0,0
4,6,0,4,6,0
1,1,0,1,1,0
3,4,0,3,4,0
0,0,0,0,0,0
4,5,0,4,5,0
0,1,0,0,1,0
3,4,0,3,4,0
0,0,0,0,0,0
4,5,0,4,5,0
0,1,0,0,1,0
3,4,0,3,4,0
0,0,0,0,0,0
4,5,0,4,5,0
0,1,0,0,1,0
3,4,0,3,4,0
0,0,0,0,0,0
4,5,0,4,5,0
0,1,0,0,1,0
3,4,0,3,5,0
0,0,0,0,0,0
4,5,0,4,5,0
0,1,0,0,1,0
3,4,0,3,4,0
0,0,0,0,0,0
4,6,0,4,6,0
1,1,0,1,1,0
3,4,0,3,4,0
0,0,0,0,0,0
4,5,0,4,5,0
0,1,0,0,1,0
3,4,0,3,4,0
0,0,0,0,0,0
3,5,0,4,6,0
0,1,0,1,2,0
3,5,0,3,4,0
0,0,0,0,0,0
4,6,0,4,6,0
0,1,0,0,1,0
3,5,0,3,5,0
0,0,0,0,0,0
4,5,0,4,5,0
0,1,0,0,1,0
3,4,0,3,4,0
0,0,0,0,0,0
4,5,0,4,5,0
0,1,0,0,1,0
3,4,0,3,4,0
0,0,0,0,0,0
4,6,0,7,8,0
1,1,0,3,3,0
5,5,0,3,4,0
0,0,0,0,0,0
4,5,0,4,5,0
0,1,0,1,1,0
3,4,0,4,5,0
0,0,0,0,0,0
4,5,0,4,5,0
0,1,0,0,1,0
3,4,0,3,4,0
0,0,0,0,0,0
4,5,0,4,6,0
1,1,0,1,2,0
3,4,0,3,5,0
0,0,0,0,0,0
4,6,0,4,6,0
0,1,0,0,1,0
3,5,0,3,5,0
0,0,0,0,0,0
4,5,0,4,5,0
0,1,0,0,1,0
3,4,0,3,4,0
0,0,0,0,0,0
3,5,0,3,5,0
0,1,0,0,1,0
3,4,0,3,4,0
0,0,0,0,0,0
4,6,0,4,6,0
1,1,0,1,2,0
3,5,0,3,4,0
0,0,0,0,0,0
1,2,0,1,2,0
0,1,0,0,1,0
1,1,0,1,1,0
0,0,0,0,0,0
1,2,0,1,2,0
0,1,0,0,1,0
1,1,0,1,1,0
0,0,0,0,0,0
1,2,0,1,2,0
0,1,0,0,1,0
1,1,0,1,1,0
0,0,0,0,0,0
2,3,0,2,3,0
0,1,0,0,1,0
1,2,0,1,2,0
0,0,0,0,0,0
1,2,0,1,2,0
0,1,0,0,1,0
1,1,0,1,1,0
0,0,0,0,0,0
2,3,0,2,3,0
1,1,0,1,1,0
1,1,0,1,1,0
0,0,0,0,0,0
2,3,0,2,3,0
0,1,0,0,1,0
1,2,0,1,2,0
0,0,0,0,0,0
1,2,0,1,2,0
0,1,0,0,1,0
1,1,0,1,1,0
0,0,0,0,0,0
1,2,0,1,2,0
0,1,0,0,1,0
1,1,0,1,1,0
0,0,0,0,0,0
1,2,0,1,2,0
0,1,0,0,1,0
1,1,0,1,1,0
0,0,0,0,0,0
2,3,0,2,3,0
0,1,0,0,1,0
1,2,0,1,2,0
0,0,0,0,0,0
2,3,0,2,3,0
1,1,0,1,1,0
1,1,0,1,1,0
0,0,0,0,0,0
1,2,0,1,2,0
0,1,0,0,1,0
1,1,0,1,1,0
0,0,0,0,0,0
2,3,0,2,3,0
0,1,0,0,1,0
1,2,0,1,2,0
0,0,0,0,0,0
1,2,0,1,2,0
0,1,0,0,1,0
1,1,0,1,1,0
0,0,0,0,0,0
1,2,0,1,2,0
0,1,0,0,1,0
1,1,0,1,1,0
0,0,0,0,0,0
2,3,0,2,3,0
0,1,0,0,1,0
1,2,0,1,2,0
0,0,0,0,0,0
1,2,0,1,2,0
0,1,0,0,1,0
1,1,0,1,1,0
0,0,0,0,0,0
2,3,0,2,3,0
1,1,0,1,1,0
1,1,0,1,1,0
0,0,0,0,0,0
1,2,0,1,2,0
0,1,0,0,1,0
1,1,0,1,1,0
0,0,0,0,0,0
2,3,0,2,3,0
0,1,0,0,1,0
1,2,0,1,2,0
0,0,0,0,0,0
1,2,0,1,2,0
0,1,0,0,1,0
1,1,0,1,1,0
0,0,0,0,0,0
1,2,0,1,2,0
0,1,0,0,1,0
1,1,0,1,1,0
0,0,0,0,0,0
1,2,0,1,2,0
0,1,0,0,1,0
1,1,0,1,1,0
0,0,0,0,0,0
2,3,0,2,3,0
1,1,0,1,1,0
1,2,0,1,2,0
0,0,0,0,0,0
1,2,0,1,2,0
0,1,0,0,1,0
1,1,0,1,1,0
0,0,0,0,0,0
1,2,0,1,2,0
0,1,0,0,1,0
1,1,0,1,1,0
0,0,0,0,0,0
2,3,0,2,3,0
0,1,0,0,1,0
1,2,0,1,2,0
0,0,0,0,0,0
1,2,0,1,2,0
0,1,0,0,1,0
1,1,0,1,1,0
0,0,0,0,0,0
1,2,0,1,2,0
0,1,0,0,1,0
1,1,0,1,1,0
0,0,0,0,0,0
1,2,0,1,2,0
0,1,0,0,1,0
1,1,0,1,1,0
0,0,0,0,0,0
2,3,0,2,3,0
1,1,0,1,1,0
1,2,0,1,2,0
0,0,0,0,0,0
1,2,0,1,2,0
0,1,0,0,1,0
1,1,0,1,1,0
0,0,0,0,0,0
1,2,0,1,2,0
0,1,0,0,1,0
1,1,0,1,1,0
0,0,0,0,0,0
2,3,0,2,3,0
0,1,0,0,1,0
1,2,0,1,2,0
0,0,0,0,0,0
1,2,0,1,2,0
0,1,0,0,1,0
1,1,0,1,2,0
0,0,0,0,0,0
1,2,0,1,2,0
0,1,0,0,1,0
1,1,0,1,1,0
0,0,0,0,0,0
2,3,0,2,3,0
1,1,0,1,1,0
1,1,0,1,1,0
0,0,0,0,0,0
2,3,0,2,3,0
0,1,0,0,1,0
1,2,0,1,2,0
0,0,0,0,0,0
1,2,0,1,2,0
0,1,0,0,1,0
0,1,0,0,1,0
0,0,0,0,0,0
0,1,0,0,1,0
0,1,0,0,1,0
0,0,0,0,0,0
0,0,0,0,0,0
0,1,0,0,1,0
0,1,0,0,1,0
0,0,0,0,0,0
0,0,0,0,0,0
0,1,0,0,1,0
0,1,0,0,1,0
0,0,0,0,0,0
0,0,0,0,0,0
1,1,0,1,1,0
1,1,0,1,1,0
0,0,0,0,0,0
0,0,0,0,0,0
0,1,0,0,1,0
0,1,0,0,1,0
0,0,0,0,0,0
0,0,0,0,0,0
0,1,0,1,1,0
0,1,0,1,1,0
0,0,0,0,0,0
0,0,0,0,0,0
0,1,0,0,1,0
0,1,0,0,1,0
0,0,0,0,0,0
0,0,0,0,0,0
0,1,0,0,1,0
0,1,0,0,1,0
0,0,0,0,0,0
0,0,0,0,0,0
0,1,0,0,1,0
0,1,0,0,1,0
0,0,0,0,0,0
0,0,0,0,0,0
0,1,0,0,1,0
0,1,0,0,1,0
0,0,0,0,0,0
0,0,0,0,0,0
1,1,0,1,2,0
1,1,0,1,2,0
0,0,0,0,0,0
0,0,0,0,0,0
0,1,0,0,1,0
0,1,0,0,1,0
0,0,0,0,0,0
0,0,0,0,0,0
0,1,0,0,1,0
0,1,0,0,1,0
0,0,0,0,0,0
0,0,0,0,0,0
0,1,0,0,1,0
0,1,0,0,1,0
0,0,0,0,0,0
0,0,0,0,0,0
0,1,0,0,1,0
0,1,0,0,1,0
0,0,0,0,0,0
0,0,0,0,0,0
0,1,0,0,1,0
0,1,0,0,1,0
0,0,0,0,0,0
0,0,0,0,0,0
