0,0,0,0,0,0
0,0,0,0,0,0
0,0,0,0,0,0
3,4,0,3,4,0
3,4,0,3,4,0
0,0,0,0,0,0
3,4,0,3,4,0
3,4,0,3,4,0
0,0,0,0,0,0
3,4,0,3,4,0
3,4,0,3,4,0
0,0,0,0,0,0
3,4,0,3,4,0
3,4,0,3,4,0
0,0,0,0,0,0
3,4,0,3,4,0
3,4,0,3,4,0
0,0,0,0,0,0
3,4,0,3,4,0
3,4,0,3,4,0
0,0,0,0,0,0
3,4,0,3,4,0
3,4,0,3,4,0
0,0,0,0,0,0
3,4,0,3,4,0
3,4,0,3,4,0
0,0,0,0,0,0
3,5,0,3,5,0
3,5,0,3,5,0
0,0,0,0,0,0
3,4,0,3,4,0
3,4,0,3,4,0
0,0,0,0,0,0
3,5,0,3,4,0
3,4,0,3,5,0
0,0,0,0,0,0
3,4,0,3,5,0
3,4,0,3,5,0
0,0,0,0,0,0
3,4,0,3,5,0
3,5,0,3,4,0
0,0,0,0,0,0
3,4,0,3,4,0
3,4,0,3,4,0
0,0,0,0,0,0
3,5,0,4,5,0
4,5,0,3,5,0
0,0,0,0,0,0
4,5,0,4,5,0
3,4,0,5,6,0
0,0,0,0,0,0
3,4,0,3,5,0
3,5,0,3,4,0
0,0,0,0,0,0
3,4,0,3,4,0
3,4,0,3,4,0
0,0,0,0,0,0
3,5,0,3,5,0
3,5,0,3,5,0
0,0,0,0,0,0
3,4,0,3,4,0
3,4,0,3,4,0
0,0,0,0,0,0
3,4,0,3,4,0
3,4,0,3,4,0
0,0,0,0,0,0
3,5,0,3,5,0
3,5,0,3,5,0
0,0,0,0,0,0
3,4,0,3,4,0
3,4,0,3,4,0
0,0,0,0,0,0
3,4,0,3,4,0
3,4,0,3,4,0
0,0,0,0,0,0
3,4,0,3,4,0
3,4,0,3,4,0
0,0,0,0,0,0
3,5,0,3,5,0
3,5,0,3,5,0
0,0,0,0,0,0
3,4,0,3,4,0
3,4,0,3,4,0
0,0,0,0,0,0
3,4,0,3,4,0
3,4,0,3,4,0
0,0,0,0,0,0
3,4,0,3,4,0
3,4,0,3,4,0
0,0,0,0,0,0
3,5,0,3,5,0
3,5,0,3,5,0
0,0,0,0,0,0
3,4,0,3,4,0
3,4,0,3,4,0
0,0,0,0,0,0
3,4,0,3,4,0
3,4,0,3,4,0
0,0,0,0,0,0
3,5,0,3,5,0
3,5,0,3,5,0
0,0,0,0,0,0
3,4,0,3,4,0
3,4,0,3,4,0
0,0,0,0,0,0
3,4,0,3,4,0
3,4,0,3,4,0
0,0,0,0,0,0
3,4,0,3,4,0
3,4,0,3,4,0
0,0,0,0,0,0
3,4,0,3,4,0
3,4,0,3,4,0
0,0,0,0,0,0
3,4,0,3,4,0
3,4,0,3,4,0
0,0,0,0,0,0
3,5,0,3,4,0
3,4,0,3,5,0
0,0,0,0,0,0
3,4,0,3,4,0
3,4,0,3,4,0
0,0,0,0,0,0
3,4,0,3,4,0
3,4,0,3,4,0
0,0,0,0,0,0
3,4,0,3,4,0
3,4,0,3,4,0
0,0,0,0,0,0
3,4,0,3,5,0
3,4,0,3,4,0
0,0,0,0,0,0
3,5,0,3,5,0
3,5,0,3,5,0
0,0,0,0,0,0
3,4,0,3,4,0
3,4,0,3,4,0
0,0,0,0,0,0
3,4,0,3,4,0
3,4,0,3,4,0
0,0,0,0,0,0
3,4,0,5,5,0
4,5,0,3,4,0
0,0,0,0,0,0
4,5,0,3,4,0
3,4,0,5,5,0
0,0,0,0,0,0
3,4,0,3,4,0
3,4,0,3,4,0
0,0,0,0,0,0
3,5,0,3,4,0
3,4,0,3,5,0
0,0,0,0,0,0
3,5,0,3,5,0
3,5,0,3,5,0
0,0,0,0,0,0
3,4,0,3,4,0
3,4,0,3,4,0
0,0,0,0,0,0
3,4,0,3,4,0
3,4,0,3,4,0
0,0,0,0,0,0
3,4,0,3,5,0
3,5,0,3,4,0
0,0,0,0,0,0
1,1,0,1,1,0
1,1,0,1,1,0
0,0,0,0,0,0
1,1,0,1,1,0
1,1,0,1,1,0
0,0,0,0,0,0
1,1,0,1,1,0
1,1,0,1,1,0
0,0,0,0,0,0
1,2,0,1,2,0
1,2,0,1,2,0
0,0,0,0,0,0
1,1,0,1,1,0
1,1,0,1,1,0
0,0,0,0,0,0
1,1,0,1,1,0
1,1,0,1,1,0
0,0,0,0,0,0
1,2,0,1,2,0
1,2,0,1,2,0
0,0,0,0,0,0
1,1,0,1,1,0
1,1,0,1,1,0
0,0,0,0,0,0
1,1,0,1,1,0
1,1,0,1,1,0
0,0,0,0,0,0
1,1,0,1,1,0
1,1,0,1,1,0
0,0,0,0,0,0
1,2,0,1,2,0
1,2,0,1,2,0
0,0,0,0,0,0
1,1,0,1,1,0
1,1,0,1,1,0
0,0,0,0,0,0
1,1,0,1,1,0
1,1,0,1,1,0
0,0,0,0,0,0
1,2,0,1,2,0
1,2,0,1,2,0
0,0,0,0,0,0
1,1,0,1,1,0
1,1,0,1,1,0
0,0,0,0,0,0
1,1,0,1,1,0
1,1,0,1,1,0
0,0,0,0,0,0
1,2,0,1,2,0
1,2,0,1,2,0
0,0,0,0,0,0
1,1,0,1,1,0
1,1,0,1,1,0
0,0,0,0,0,0
1,1,0,1,1,0
1,1,0,1,1,0
0,0,0,0,0,0
1,1,0,1,1,0
1,1,0,1,1,0
0,0,0,0,0,0
1,2,0,1,2,0
1,2,0,1,2,0
0,0,0,0,0,0
1,1,0,1,1,0
1,1,0,1,1,0
0,0,0,0,0,0
1,1,0,1,1,0
1,1,0,1,1,0
0,0,0,0,0,0
1,1,0,1,1,0
1,1,0,1,1,0
0,0,0,0,0,0
1,2,0,1,2,0
1,2,0,1,2,0
0,0,0,0,0,0
1,1,0,1,1,0
1,1,0,1,1,0
0,0,0,0,0,0
1,1,0,1,1,0
1,1,0,1,1,0
0,0,0,0,0,0
1,2,0,1,2,0
1,2,0,1,2,0
0,0,0,0,0,0
1,1,0,1,1,0
1,1,0,1,1,0
0,0,0,0,0,0
1,1,0,1,1,0
1,1,0,1,1,0
0,0,0,0,0,0
1,1,0,1,1,0
1,1,0,1,1,0
0,0,0,0,0,0
1,2,0,1,2,0
1,2,0,1,2,0
0,0,0,0,0,0
1,1,0,1,1,0
1,1,0,1,1,0
0,0,0,0,0,0
1,1,0,1,1,0
1,1,0,1,1,0
0,0,0,0,0,0
1,2,0,1,2,0
1,2,0,1,2,0
0,0,0,0,0,0
1,2,0,1,1,0
1,1,0,1,2,0
0,0,0,0,0,0
1,1,0,1,1,0
1,1,0,1,1,0
0,0,0,0,0,0
1,1,0,1,1,0
1,1,0,1,1,0
0,0,0,0,0,0
1,2,0,1,2,0
1,2,0,1,2,0
0,0,0,0,0,0
0,1,0,0,1,0
0,1,0,0,1,0
0,0,0,0,0,0
0,0,0,0,0,0
0,0,0,0,0,0
0,0,0,0,0,0
0,0,0,0,0,0
0,0,0,0,0,0
0,0,0,0,0,0
0,0,0,0,0,0
0,0,0,0,0,0
0,0,0,0,0,0
0,0,0,0,0,0
0,0,0,0,0,0
0,0,0,0,0,0
0,0,0,0,0,0
0,0,0,0,0,0
0,0,0,0,0,0
0,0,0,0,0,0
0,0,0,0,0,0
0,0,0,0,0,0
0,0,0,0,0,0
0,0,0,0,0,0
0,0,0,0,0,0
0,0,0,0,0,0
0,0,0,0,0,0
0,0,0,0,0,0
0,0,0,0,0,0
0,0,0,0,0,0
0,0,0,0,0,0
0,0,0,0,0,0
0,0,0,0,0,0
0,0,0,0,0,0
0,0,0,0,0,0
0,0,0,0,0,0
0,0,0,0,0,0
0,0,0,0,0,0
0,0,0,0,0,0
0,0,0,0,0,0
0,0,0,0,0,0
0,0,0,0,0,0
0,0,0,0,0,0
0,0,0,0,0,0
0,0,0,0,0,0
0,0,0,0,0,0
0,0,0,0,0,0
0,0,0,0,0,0
0,0,0,0,0,0
0,0,0,0,0,0
0,0,0,0,0,0
0,0,0,0,0,0
