7714.00,23164.00,431.94,432.01,5.00,5.00,0.67,0.20,1.00
7745.00,23104.00,432.00,432.01,5.00,5.00,0.67,0.20,1.00
7744.00,23080.00,431.96,431.98,5.00,5.00,0.67,0.20,1.00
7729.00,23129.00,432.01,432.03,5.00,5.00,0.67,0.20,1.00
7742.00,23159.00,431.93,431.97,5.00,5.00,0.67,0.20,1.00
7745.00,23158.00,432.00,432.02,5.00,5.00,0.67,0.20,1.00
7781.00,23174.00,431.99,432.01,5.00,5.00,0.67,0.20,1.00
7753.00,23158.00,431.99,432.01,5.00,5.00,0.67,0.20,1.00
7853.00,23169.00,431.97,432.00,5.00,5.00,0.67,0.20,1.00
7776.00,23166.00,431.97,431.97,5.00,5.00,0.67,0.20,1.00
7753.00,23180.00,431.96,431.97,5.00,5.00,0.67,0.20,1.00
7734.00,23161.00,431.98,431.99,5.00,5.00,0.67,0.20,1.00
7710.00,23155.00,431.91,431.96,5.00,5.00,0.67,0.20,1.00
