11.50,13.00,734.62,769.23,5.00,5.00,1.00,0.00,1.20
21.00,21.00,761.90,761.90,5.00,5.00,1.00,0.00,0.80
9.50,13.00,801.28,833.33,5.00,5.00,1.00,0.00,1.20
20.00,35.00,800.00,800.00,5.00,5.00,1.00,0.00,1.20
57.50,102.00,776.77,784.31,5.00,5.00,1.00,0.00,1.20
26.50,40.00,772.12,775.00,5.00,5.00,1.00,0.00,1.20
15.00,25.00,700.00,800.00,5.00,5.00,1.00,0.00,1.20
16.00,22.00,736.36,772.73,5.00,5.00,1.00,0.00,1.20
8.00,242.00,750.00,780.99,5.00,5.00,0.67,0.20,1.00
81.00,91.00,777.78,780.22,5.00,5.00,0.67,0.20,0.80
30.00,30.00,766.67,766.67,5.00,5.00,1.00,0.00,1.20
11.00,30.00,727.27,766.67,5.00,5.00,0.67,0.20,1.00
81.00,81.00,790.12,790.12,5.00,5.00,0.67,0.20,1.00
21.00,29.00,781.17,793.10,5.00,5.00,1.00,0.00,1.20
9.50,15.00,775.00,800.00,5.00,5.00,1.00,0.00,1.20
190.00,190.00,784.21,784.21,5.00,5.00,1.00,0.00,0.80
91.00,91.00,780.22,780.22,5.00,5.00,1.00,0.00,0.80
