10.00,10.00,700.00,700.00,5.00,5.00,1.00,0.00,0.80
13.00,13.00,769.23,769.23,5.00,5.00,1.00,0.00,0.80
5.00,5.00,800.00,800.00,5.00,5.00,1.00,0.00,0.80
102.00,102.00,784.31,784.31,5.00,5.00,1.00,0.00,0.80
40.00,40.00,775.00,775.00,5.00,5.00,1.00,0.00,0.80
25.00,25.00,800.00,800.00,5.00,5.00,1.00,0.00,0.80
10.00,10.00,700.00,700.00,5.00,5.00,1.00,0.00,0.80
242.00,242.00,780.99,780.99,5.00,5.00,1.00,0.00,0.80
86.00,91.00,779.00,780.22,5.00,5.00,1.00,0.00,1.20
30.00,30.00,766.67,766.67,5.00,5.00,1.00,0.00,0.80
30.00,30.00,766.67,766.67,5.00,5.00,1.00,0.00,0.80
11.00,11.00,727.27,727.27,5.00,5.00,1.00,0.00,0.80
13.00,13.00,769.23,769.23,5.00,5.00,1.00,0.00,0.80
4.00,4.00,750.00,750.00,5.00,5.00,1.00,0.00,0.80
