7737.00,23161.00,431.95,431.98,5.00,5.00,0.50,0.40,1.20
7718.50,23121.00,431.99,432.01,5.00,5.00,0.50,0.40,1.20
7733.50,23081.00,431.95,432.00,5.00,5.00,0.50,0.40,1.20
7723.50,23127.00,431.97,432.01,5.00,5.00,0.50,0.40,1.20
7748.00,23157.00,431.97,432.04,5.00,5.00,0.50,0.40,1.20
7739.00,23155.00,432.00,432.03,5.00,5.00,0.50,0.40,1.20
7751.00,23175.00,431.94,431.97,5.00,5.00,0.50,0.40,1.20
7737.50,23158.00,431.98,432.01,5.00,5.00,0.50,0.40,1.20
7770.50,23169.00,431.95,432.00,5.00,5.00,0.50,0.40,1.20
7763.50,23165.00,431.96,431.99,5.00,5.00,0.50,0.40,1.20
7748.50,23179.00,431.95,431.99,5.00,5.00,0.50,0.40,1.20
7727.00,23158.00,431.99,431.99,5.00,5.00,0.50,0.40,1.20
7733.00,23153.00,431.92,432.00,5.00,5.00,0.50,0.40,1.20
