7714.00,23163.00,431.94,431.98,5.00,5.00,0.67,0.20,1.00
7745.00,23122.00,431.97,432.01,5.00,5.00,0.67,0.20,1.00
7744.00,23081.00,431.96,432.00,5.00,5.00,0.67,0.20,1.00
7729.00,23128.00,432.01,432.03,5.00,5.00,0.67,0.20,1.00
7742.00,23158.00,431.93,431.99,5.00,5.00,0.67,0.20,1.00
7745.00,23160.00,432.00,432.02,5.00,5.00,0.67,0.20,1.00
7781.00,23171.00,431.96,432.01,5.00,5.00,0.67,0.20,1.00
7753.00,23157.00,432.01,432.01,5.00,5.00,0.67,0.20,1.00
7853.00,23172.00,431.97,431.99,5.00,5.00,0.67,0.20,1.00
7776.00,23170.00,431.97,431.98,5.00,5.00,0.67,0.20,1.00
7753.00,23177.00,431.96,431.98,5.00,5.00,0.67,0.20,1.00
7734.00,23160.00,431.99,431.99,5.00,5.00,0.67,0.20,1.00
7710.00,23154.00,431.91,431.98,5.00,5.00,0.67,0.20,1.00
