6350.00,18917.00,431.97,431.99,5.00,5.00,0.67,0.20,1.00
8533.00,25489.00,431.97,431.99,5.00,5.00,0.67,0.20,1.00
7706.00,23105.00,431.91,431.98,5.00,5.00,0.67,0.20,1.00
7715.00,23126.00,431.98,432.02,5.00,5.00,0.67,0.20,1.00
7749.00,23136.00,431.99,432.01,5.00,5.00,0.67,0.20,1.00
7723.00,23165.00,431.99,432.03,6.00,6.00,0.67,0.20,1.00
7764.00,23182.00,431.97,431.99,5.00,5.00,0.67,0.20,1.00
7798.00,23149.00,431.97,431.98,5.00,5.00,0.67,0.20,1.00
8536.00,25420.00,431.98,431.99,5.00,5.00,0.67,0.20,1.00
7781.00,23134.00,431.96,432.02,5.00,5.00,0.67,0.20,1.00
7731.00,23172.00,431.99,432.02,5.00,5.00,0.67,0.20,1.00
7761.00,23156.00,431.98,432.03,5.00,5.00,0.67,0.20,1.00
7779.00,23164.00,431.96,431.99,5.00,5.00,0.67,0.20,1.00
7765.00,23141.00,432.00,432.02,5.00,5.00,0.67,0.20,1.00
7762.00,23167.00,431.98,431.99,5.00,5.00,0.67,0.20,1.00
7734.00,23155.00,431.99,432.00,5.00,5.00,0.67,0.20,1.00
7778.00,23172.00,431.99,431.99,5.00,5.00,0.67,0.20,1.00
8566.00,25462.00,431.98,431.99,5.00,5.00,0.67,0.20,1.00
7745.00,23159.00,431.97,432.02,5.00,5.00,0.67,0.20,1.00
7807.00,23186.00,431.98,431.98,5.00,5.00,0.67,0.20,1.00
7724.00,23152.00,431.95,431.97,6.00,6.00,0.67,0.20,1.00
7762.00,23149.00,431.98,431.98,5.00,5.00,0.67,0.20,1.00
7727.00,23190.00,431.99,432.00,5.00,5.00,0.67,0.20,1.00
7732.00,23180.00,431.97,431.97,5.00,5.00,0.67,0.20,1.00
7794.00,23176.00,432.00,432.00,5.00,5.00,0.67,0.20,1.00
7752.00,23185.00,431.93,432.00,5.00,5.00,0.67,0.20,1.00
7793.00,23170.00,431.93,431.98,5.00,5.00,0.67,0.20,1.00
8547.00,25461.00,431.96,431.99,5.00,5.00,0.67,0.20,1.00
7773.00,23172.00,431.99,432.01,5.00,5.00,0.67,0.20,1.00
7822.00,23182.00,431.99,431.99,5.00,5.00,0.67,0.20,1.00
7749.00,23167.00,431.95,431.99,5.00,5.00,0.67,0.20,1.00
7762.00,23175.00,431.97,431.98,5.00,5.00,0.67,0.20,1.00
7751.00,23174.00,431.99,432.00,5.00,5.00,0.67,0.20,1.00
7760.00,23169.00,431.96,432.00,5.00,5.00,0.67,0.20,1.00
7751.00,23181.00,431.94,431.99,5.00,5.00,0.67,0.20,1.00
7730.00,23170.00,431.97,431.98,5.00,5.00,0.67,0.20,1.00
7731.00,23163.00,431.94,431.98,5.00,5.00,0.67,0.20,1.00
7748.00,23176.00,431.98,432.00,5.00,5.00,0.67,0.20,1.00
7747.00,23178.00,432.00,432.01,5.00,5.00,0.67,0.20,1.00
8541.00,25495.00,431.99,432.01,6.00,6.00,0.67,0.20,1.00
7738.00,23167.00,431.99,432.02,5.00,5.00,0.67,0.20,1.00
7766.00,23193.00,431.98,432.01,5.00,5.00,0.67,0.20,1.00
7750.00,23182.00,431.97,432.00,5.00,5.00,0.67,0.20,1.00
7775.00,23173.00,431.97,432.01,5.00,5.00,0.67,0.20,1.00
7740.00,23166.00,431.97,432.01,5.00,5.00,0.67,0.20,1.00
7796.00,23181.00,431.99,432.02,5.00,5.00,0.67,0.20,1.00
7734.00,23164.00,431.99,432.01,5.00,5.00,0.67,0.20,1.00
7747.00,23200.00,431.96,431.98,5.00,5.00,0.67,0.20,1.00
7769.00,23171.00,432.00,432.01,5.00,5.00,0.67,0.20,1.00
7782.00,23201.00,431.89,431.96,5.00,5.00,0.67,0.20,1.00
8526.00,25488.00,431.97,432.01,5.00,5.00,0.67,0.20,1.00
7762.00,23178.00,431.98,432.00,5.00,5.00,0.67,0.20,1.00
7747.00,23165.00,431.97,431.99,5.00,5.00,0.67,0.20,1.00
7692.00,23037.00,432.00,432.01,5.00,5.00,0.67,0.20,1.00
7768.00,23152.00,431.97,432.04,5.00,5.00,0.67,0.20,1.00
7761.00,23182.00,431.98,432.03,5.00,5.00,0.67,0.20,1.00
7744.00,23177.00,431.98,432.01,5.00,5.00,0.67,0.20,1.00
7743.00,23171.00,432.00,432.01,5.00,5.00,0.67,0.20,1.00
7745.00,23178.00,431.95,432.00,6.00,6.00,0.67,0.20,1.00
7762.00,23193.00,431.98,431.98,5.00,5.00,0.67,0.20,1.00
7772.00,23192.00,431.94,432.00,5.00,5.00,0.67,0.20,1.00
8548.00,25508.00,431.98,432.03,5.00,5.00,0.67,0.20,1.00
7759.00,23187.00,431.91,432.01,5.00,5.00,0.67,0.20,1.00
7734.00,23177.00,431.98,431.99,5.00,5.00,0.67,0.20,1.00
7750.00,23175.00,431.97,432.00,5.00,5.00,0.67,0.20,1.00
7765.00,23179.00,431.99,431.99,5.00,5.00,0.67,0.20,1.00
7762.00,23156.00,431.98,431.98,5.00,5.00,0.67,0.20,1.00
7745.00,23119.00,431.90,431.98,5.00,5.00,0.67,0.20,1.00
7770.00,23169.00,431.92,432.00,5.00,5.00,0.67,0.20,1.00
7746.00,23161.00,431.98,432.00,5.00,5.00,0.67,0.20,1.00
7794.00,23199.00,432.00,432.00,5.00,5.00,0.67,0.20,1.00
7761.00,23174.00,431.99,432.00,5.00,5.00,0.67,0.20,1.00
7772.00,23179.00,431.99,432.01,5.00,5.00,0.67,0.20,1.00
8531.00,25498.00,431.98,431.99,5.00,5.00,0.67,0.20,1.00
7750.00,23171.00,432.00,432.01,5.00,5.00,0.67,0.20,1.00
7779.00,23182.00,431.94,431.97,5.00,5.00,0.67,0.20,1.00
7749.00,23163.00,431.93,431.98,5.00,5.00,0.67,0.20,1.00
7754.00,23191.00,431.95,431.98,6.00,6.00,0.67,0.20,1.00
7755.00,23184.00,431.98,431.98,5.00,6.00,0.67,0.20,1.00
7768.00,23187.00,431.95,431.97,5.00,5.00,0.67,0.20,1.00
7771.00,23197.00,431.99,432.00,5.00,5.00,0.67,0.20,1.00
7755.00,23185.00,431.98,432.00,5.00,5.00,0.67,0.20,1.00
7773.00,23176.00,432.00,432.01,5.00,5.00,0.67,0.20,1.00
7755.00,23172.00,431.98,431.99,5.00,5.00,0.67,0.20,1.00
8526.00,25481.00,431.97,431.97,5.00,5.00,0.67,0.20,1.00
7761.00,23170.00,431.98,432.03,5.00,5.00,0.67,0.20,1.00
7740.00,23120.00,432.01,432.04,5.00,5.00,0.67,0.20,1.00
7739.00,23178.00,431.97,432.04,5.00,5.00,0.67,0.20,1.00
7751.00,23141.00,431.94,432.00,5.00,5.00,0.67,0.20,1.00
7754.00,23166.00,431.97,431.97,5.00,5.00,0.67,0.20,1.00
7765.00,23155.00,432.00,432.01,5.00,5.00,0.67,0.20,1.00
7748.00,23189.00,431.98,432.02,5.00,5.00,0.67,0.20,1.00
7753.00,23159.00,431.99,432.01,5.00,5.00,0.67,0.20,1.00
7727.00,23194.00,431.97,431.99,5.00,5.00,0.67,0.20,1.00
7781.00,23168.00,431.96,431.98,5.00,5.00,0.67,0.20,1.00
7745.00,23176.00,431.99,432.00,5.00,5.00,0.67,0.20,1.00
8507.00,25489.00,431.99,432.00,6.00,6.00,0.67,0.20,1.00
7710.00,23097.00,432.00,432.04,5.00,6.00,0.67,0.20,1.00
7743.00,23183.00,432.00,432.00,5.00,5.00,0.67,0.20,1.00
7748.00,23155.00,431.98,432.00,5.00,5.00,0.67,0.20,1.00
7735.00,23169.00,431.94,432.00,5.00,5.00,0.67,0.20,1.00
7772.00,23164.00,431.94,431.96,5.00,5.00,0.67,0.20,1.00
7747.00,23175.00,431.91,431.97,5.00,5.00,0.67,0.20,1.00
7810.00,23196.00,431.97,432.01,5.00,5.00,0.67,0.20,1.00
7771.00,23159.00,431.99,432.00,5.00,5.00,0.67,0.20,1.00
7732.00,23173.00,431.97,431.97,5.00,5.00,0.67,0.20,1.00
8546.00,25506.00,431.98,432.01,5.00,5.00,0.67,0.20,1.00
7827.00,23189.00,431.97,431.97,5.00,5.00,0.67,0.20,1.00
7767.00,23164.00,431.96,431.98,5.00,5.00,0.67,0.20,1.00
7758.00,23174.00,431.96,431.99,5.00,5.00,0.67,0.20,1.00
7742.00,23175.00,431.93,431.97,5.00,5.00,0.67,0.20,1.00
7776.00,23153.00,431.97,432.00,5.00,5.00,0.67,0.20,1.00
7752.00,23178.00,431.93,432.00,5.00,5.00,0.67,0.20,1.00
7749.00,23161.00,431.96,431.98,5.00,5.00,0.67,0.20,1.00
7751.00,23166.00,431.97,431.97,5.00,6.00,0.67,0.20,1.00
7782.00,23184.00,431.90,431.98,6.00,6.00,0.67,0.20,1.00
7753.00,23180.00,431.96,431.97,5.00,5.00,0.67,0.20,1.00
8473.00,25504.00,431.96,431.97,5.00,5.00,0.67,0.20,1.00
7749.00,23100.00,431.93,431.99,5.00,5.00,0.67,0.20,1.00
7802.00,23175.00,431.94,431.97,5.00,5.00,0.67,0.20,1.00
7741.00,23170.00,431.98,431.99,5.00,5.00,0.67,0.20,1.00
7709.00,23088.00,431.96,432.00,5.00,5.00,0.67,0.20,1.00
7735.00,23168.00,431.97,431.98,5.00,5.00,0.67,0.20,1.00
7779.00,23177.00,431.98,431.99,5.00,5.00,0.67,0.20,1.00
7740.00,23111.00,431.92,432.00,5.00,5.00,0.67,0.20,1.00
7742.00,23176.00,431.98,432.00,5.00,5.00,0.67,0.20,1.00
7751.00,23169.00,432.00,432.02,5.00,5.00,0.67,0.20,1.00
7810.00,23164.00,431.96,432.00,5.00,5.00,0.67,0.20,1.00
8542.00,25487.00,431.98,431.98,5.00,5.00,0.67,0.20,1.00
7819.00,23171.00,431.96,431.97,5.00,5.00,0.67,0.20,1.00
7737.00,23167.00,431.96,431.99,5.00,5.00,0.67,0.20,1.00
7774.00,23175.00,431.97,432.02,5.00,5.00,0.67,0.20,1.00
7751.00,23161.00,431.97,431.98,5.00,5.00,0.67,0.20,1.00
7759.00,23185.00,432.01,432.02,5.00,6.00,0.67,0.20,1.00
7738.00,23183.00,431.94,432.00,6.00,6.00,0.67,0.20,1.00
7769.00,23165.00,431.97,431.99,5.00,5.00,0.67,0.20,1.00
7762.00,23185.00,431.98,432.00,5.00,5.00,0.67,0.20,1.00
7765.00,23192.00,431.94,431.96,5.00,5.00,0.67,0.20,1.00
7732.00,23181.00,431.99,431.99,5.00,5.00,0.67,0.20,1.00
7775.00,23170.00,431.98,432.00,5.00,5.00,0.67,0.20,1.00
8532.00,25501.00,431.93,431.98,5.00,5.00,0.67,0.20,1.00
7782.00,23182.00,432.02,432.02,5.00,5.00,0.67,0.20,1.00
7737.00,23178.00,431.95,432.00,5.00,5.00,0.67,0.20,1.00
7789.00,23183.00,432.00,432.02,5.00,5.00,0.67,0.20,1.00
7717.00,23169.00,432.00,432.02,5.00,5.00,0.67,0.20,1.00
7773.00,23175.00,432.01,432.01,5.00,5.00,0.67,0.20,1.00
7773.00,23178.00,432.00,432.00,5.00,5.00,0.67,0.20,1.00
7797.00,23183.00,431.97,432.00,5.00,5.00,0.67,0.20,1.00
7735.00,23183.00,431.99,432.00,5.00,5.00,0.67,0.20,1.00
7749.00,23172.00,431.99,431.99,5.00,5.00,0.67,0.20,1.00
7762.00,23190.00,432.00,432.00,5.00,5.00,0.67,0.20,1.00
7762.00,23188.00,431.98,431.99,5.00,5.00,0.67,0.20,1.00
8556.00,25509.00,432.00,432.01,5.00,6.00,0.67,0.20,1.00
7734.00,23178.00,432.00,432.01,6.00,6.00,0.67,0.20,1.00
7733.00,23173.00,431.95,431.97,5.00,5.00,0.67,0.20,1.00
7764.00,23178.00,431.96,431.99,5.00,5.00,0.67,0.20,1.00
7758.00,23177.00,431.98,431.98,5.00,5.00,0.67,0.20,1.00
7736.00,23076.00,432.01,432.01,5.00,5.00,0.67,0.20,1.00
7827.00,23194.00,431.97,432.02,5.00,5.00,0.67,0.20,1.00
7782.00,23179.00,431.99,432.02,5.00,5.00,0.67,0.20,1.00
7774.00,23189.00,431.95,431.97,5.00,5.00,0.67,0.20,1.00
7757.00,23169.00,432.00,432.00,5.00,5.00,0.67,0.20,1.00
7739.00,23119.00,431.98,432.01,5.00,5.00,0.67,0.20,1.00
8506.00,25469.00,431.98,432.03,5.00,5.00,0.67,0.20,1.00
7778.00,23190.00,431.99,432.00,5.00,5.00,0.67,0.20,1.00
7809.00,23182.00,431.94,431.97,5.00,5.00,0.67,0.20,1.00
7749.00,23177.00,431.98,432.01,5.00,5.00,0.67,0.20,1.00
7816.00,23156.00,431.97,431.98,5.00,5.00,0.67,0.20,1.00
7761.00,23161.00,431.97,431.98,5.00,5.00,0.67,0.20,1.00
7749.00,23165.00,431.93,431.99,5.00,5.00,0.67,0.20,1.00
7758.00,23165.00,431.94,431.99,5.00,5.00,0.67,0.20,1.00
7777.00,23165.00,431.97,431.99,5.00,5.00,0.67,0.20,1.00
7760.00,23172.00,431.96,431.99,6.00,6.00,0.67,0.20,1.00
7786.00,23204.00,431.93,431.99,5.00,5.00,0.67,0.20,1.00
8564.00,25507.00,431.92,432.00,5.00,5.00,0.67,0.20,1.00
7720.00,23154.00,431.98,431.99,5.00,5.00,0.67,0.20,1.00
7751.00,23168.00,431.98,431.99,5.00,5.00,0.67,0.20,1.00
7764.00,23178.00,431.99,432.02,5.00,5.00,0.67,0.20,1.00
7788.00,23171.00,432.01,432.04,5.00,5.00,0.67,0.20,1.00
7754.00,23175.00,431.92,431.97,5.00,5.00,0.67,0.20,1.00
7763.00,23185.00,431.95,431.96,5.00,5.00,0.67,0.20,1.00
7750.00,23168.00,432.00,432.01,5.00,5.00,0.67,0.20,1.00
7745.00,23128.00,431.96,431.99,5.00,5.00,0.67,0.20,1.00
7756.00,23166.00,431.92,431.97,5.00,5.00,0.67,0.20,1.00
7774.00,23171.00,431.96,432.02,5.00,5.00,0.67,0.20,1.00
7708.00,23115.00,431.98,432.02,5.00,5.00,0.67,0.20,1.00
8509.00,25475.00,432.00,432.01,5.00,5.00,0.67,0.20,1.00
7773.00,23165.00,431.99,432.01,5.00,5.00,0.67,0.20,1.00
7794.00,23184.00,431.98,432.00,5.00,5.00,0.67,0.20,1.00
7728.00,23173.00,431.97,432.01,5.00,5.00,0.67,0.20,1.00
7754.00,23176.00,431.94,432.00,5.00,5.00,0.67,0.20,1.00
7782.00,23184.00,431.98,431.98,5.00,6.00,0.67,0.20,1.00
7731.00,23165.00,431.99,432.03,6.00,6.00,0.67,0.20,1.00
7771.00,23182.00,431.99,432.01,5.00,5.00,0.67,0.20,1.00
7748.00,23163.00,431.98,431.99,5.00,5.00,0.67,0.20,1.00
7764.00,23160.00,431.99,431.99,5.00,5.00,0.67,0.20,1.00
7739.00,23187.00,431.99,432.01,5.00,5.00,0.67,0.20,1.00
8543.00,25444.00,431.94,431.97,5.00,5.00,0.67,0.20,1.00
7779.00,23176.00,431.93,432.00,5.00,5.00,0.67,0.20,1.00
7773.00,23191.00,431.98,432.03,5.00,5.00,0.67,0.20,1.00
7771.00,23181.00,431.99,431.99,5.00,5.00,0.67,0.20,1.00
7783.00,23171.00,431.96,431.97,5.00,5.00,0.67,0.20,1.00
7760.00,23199.00,431.97,432.00,5.00,5.00,0.67,0.20,1.00
7777.00,23192.00,432.00,432.04,5.00,5.00,0.67,0.20,1.00
7740.00,23163.00,431.99,432.04,5.00,5.00,0.67,0.20,1.00
7759.00,23162.00,431.96,432.01,5.00,5.00,0.67,0.20,1.00
7770.00,23176.00,431.92,432.00,5.00,5.00,0.67,0.20,1.00
7746.00,23183.00,432.00,432.01,5.00,5.00,0.67,0.20,1.00
8492.00,25417.00,431.95,431.99,5.00,5.00,0.67,0.20,1.00
7786.00,23164.00,431.93,431.96,5.00,5.00,0.67,0.20,1.00
7775.00,23160.00,431.99,432.03,5.00,6.00,0.67,0.20,1.00
7737.00,23060.00,431.96,431.99,6.00,6.00,0.67,0.20,1.00
7766.00,23185.00,432.00,432.02,5.00,5.00,0.67,0.20,1.00
7775.00,23195.00,431.92,431.99,5.00,5.00,0.67,0.20,1.00
7740.00,23186.00,431.95,431.98,5.00,5.00,0.67,0.20,1.00
7766.00,23194.00,431.97,432.01,5.00,5.00,0.67,0.20,1.00
7768.00,23188.00,431.99,432.03,5.00,5.00,0.67,0.20,1.00
7710.00,23077.00,431.94,431.99,5.00,5.00,0.67,0.20,1.00
7731.00,23141.00,431.95,431.96,5.00,5.00,0.67,0.20,1.00
7786.00,23138.00,431.94,431.97,5.00,5.00,0.67,0.20,1.00
8527.00,25492.00,431.97,431.98,5.00,5.00,0.67,0.20,1.00
7749.00,23160.00,431.93,431.99,5.00,5.00,0.67,0.20,1.00
7745.00,23152.00,431.92,432.01,5.00,5.00,0.67,0.20,1.00
7758.00,23183.00,431.99,432.00,5.00,5.00,0.67,0.20,1.00
7767.00,23170.00,431.98,431.98,5.00,5.00,0.67,0.20,1.00
7768.00,23157.00,431.99,432.01,5.00,5.00,0.67,0.20,1.00
7745.00,23171.00,432.01,432.02,5.00,5.00,0.67,0.20,1.00
7769.00,23169.00,431.97,432.00,5.00,5.00,0.67,0.20,1.00
7763.00,23195.00,431.95,431.99,5.00,5.00,0.67,0.20,1.00
7741.00,23180.00,431.97,431.99,5.00,6.00,0.67,0.20,1.00
7756.00,23172.00,431.93,431.99,6.00,6.00,0.67,0.20,1.00
8515.00,25469.00,431.98,432.00,5.00,5.00,0.67,0.20,1.00
7767.00,23177.00,431.98,432.02,5.00,5.00,0.67,0.20,1.00
7763.00,23181.00,431.94,431.99,5.00,5.00,0.67,0.20,1.00
7744.00,23176.00,431.95,432.00,5.00,5.00,0.67,0.20,1.00
7748.00,23161.00,431.98,431.98,5.00,5.00,0.67,0.20,1.00
7758.00,23177.00,431.94,431.98,5.00,5.00,0.67,0.20,1.00
7791.00,23194.00,431.97,431.98,5.00,5.00,0.67,0.20,1.00
7705.00,23029.00,431.98,431.98,5.00,5.00,0.67,0.20,1.00
7776.00,23183.00,431.97,432.00,5.00,5.00,0.67,0.20,1.00
7794.00,23179.00,431.99,432.00,5.00,5.00,0.67,0.20,1.00
7742.00,23156.00,431.94,431.98,5.00,5.00,0.67,0.20,1.00
8545.00,25506.00,431.95,431.98,5.00,5.00,0.67,0.20,1.00
7776.00,23190.00,431.97,432.00,5.00,5.00,0.67,0.20,1.00
7807.00,23188.00,431.93,431.99,5.00,5.00,0.67,0.20,1.00
7777.00,23161.00,431.93,431.98,5.00,5.00,0.67,0.20,1.00
7767.00,23165.00,431.96,431.99,5.00,5.00,0.67,0.20,1.00
7798.00,23174.00,431.99,432.03,5.00,5.00,0.67,0.20,1.00
7791.00,23174.00,431.91,431.99,5.00,5.00,0.67,0.20,1.00
7726.00,23179.00,431.95,431.99,6.00,6.00,0.67,0.20,1.00
7790.00,23181.00,431.96,431.99,5.00,5.00,0.67,0.20,1.00
7759.00,23188.00,431.99,432.01,5.00,5.00,0.67,0.20,1.00
7794.00,23185.00,431.96,432.00,5.00,5.00,0.67,0.20,1.00
8525.00,25496.00,431.99,432.03,5.00,5.00,0.67,0.20,1.00
7798.00,23169.00,431.91,432.00,5.00,5.00,0.67,0.20,1.00
7806.00,23195.00,431.98,431.99,5.00,5.00,0.67,0.20,1.00
7777.00,23191.00,431.98,431.98,5.00,5.00,0.67,0.20,1.00
7745.00,23185.00,432.00,432.02,5.00,5.00,0.67,0.20,1.00
7701.00,23135.00,431.96,431.99,5.00,5.00,0.67,0.20,1.00
7745.00,23178.00,432.00,432.02,5.00,5.00,0.67,0.20,1.00
7763.00,23163.00,431.92,431.98,5.00,5.00,0.67,0.20,1.00
7766.00,23182.00,431.97,431.98,5.00,5.00,0.67,0.20,1.00
7771.00,23176.00,432.00,432.01,5.00,5.00,0.67,0.20,1.00
7758.00,23183.00,431.99,432.00,5.00,5.00,0.67,0.20,1.00
7761.00,23187.00,431.96,431.97,5.00,5.00,0.67,0.20,1.00
8538.00,25491.00,431.95,432.00,5.00,5.00,0.67,0.20,1.00
7736.00,23155.00,432.00,432.01,5.00,5.00,0.67,0.20,1.00
7777.00,23175.00,431.97,432.03,5.00,6.00,0.67,0.20,1.00
7740.00,23167.00,431.93,431.99,6.00,6.00,0.67,0.20,1.00
7733.00,23184.00,431.94,431.98,5.00,5.00,0.67,0.20,1.00
7768.00,23181.00,431.99,432.03,5.00,5.00,0.67,0.20,1.00
7744.00,23141.00,431.99,432.00,5.00,5.00,0.67,0.20,1.00
7729.00,23159.00,431.97,432.01,5.00,5.00,0.67,0.20,1.00
7756.00,23181.00,431.94,431.99,5.00,5.00,0.67,0.20,1.00
7671.00,23033.00,431.98,431.99,5.00,5.00,0.67,0.20,1.00
7703.00,23038.00,431.98,432.04,5.00,5.00,0.67,0.20,1.00
8527.00,25490.00,431.97,432.04,5.00,5.00,0.67,0.20,1.00
7748.00,23178.00,431.98,432.00,5.00,5.00,0.67,0.20,1.00
7751.00,23174.00,431.98,431.99,5.00,5.00,0.67,0.20,1.00
7787.00,23177.00,431.89,431.98,5.00,5.00,0.67,0.20,1.00
7757.00,23164.00,432.01,432.01,5.00,5.00,0.67,0.20,1.00
7778.00,23167.00,431.99,431.99,5.00,5.00,0.67,0.20,1.00
7780.00,23179.00,432.01,432.02,5.00,5.00,0.67,0.20,1.00
7728.00,23191.00,431.96,431.98,5.00,5.00,0.67,0.20,1.00
7748.00,23165.00,431.98,431.99,5.00,5.00,0.67,0.20,1.00
7778.00,23165.00,431.99,431.99,5.00,5.00,0.67,0.20,1.00
7788.00,23150.00,431.98,432.01,6.00,6.00,0.67,0.20,1.00
8517.00,25469.00,431.96,431.98,5.00,5.00,0.67,0.20,1.00
7790.00,23180.00,431.96,431.97,5.00,5.00,0.67,0.20,1.00
7776.00,23172.00,431.97,431.99,5.00,5.00,0.67,0.20,1.00
7754.00,23171.00,431.96,432.01,5.00,5.00,0.67,0.20,1.00
7756.00,23181.00,431.92,431.99,5.00,5.00,0.67,0.20,1.00
7748.00,23165.00,431.98,431.99,5.00,5.00,0.67,0.20,1.00
7781.00,23156.00,431.95,431.98,5.00,5.00,0.67,0.20,1.00
7747.00,23167.00,431.99,432.00,5.00,5.00,0.67,0.20,1.00
7769.00,23170.00,431.97,431.98,5.00,5.00,0.67,0.20,1.00
8516.00,25462.00,431.98,432.01,5.00,5.00,0.67,0.20,1.00
7803.00,23182.00,432.01,432.01,5.00,5.00,0.67,0.20,1.00
7758.00,23159.00,431.94,431.97,5.00,5.00,0.67,0.20,1.00
7799.00,23184.00,431.98,431.98,5.00,5.00,0.67,0.20,1.00
7784.00,23173.00,431.97,432.01,5.00,5.00,0.67,0.20,1.00
7750.00,23167.00,431.99,432.00,5.00,5.00,0.67,0.20,1.00
7754.00,23150.00,431.96,432.01,5.00,5.00,0.67,0.20,1.00
7794.00,23184.00,431.98,432.00,5.00,6.00,0.67,0.20,1.00
7746.00,23160.00,431.97,431.99,6.00,6.00,0.67,0.20,1.00
7753.00,23168.00,431.98,432.03,5.00,5.00,0.67,0.20,1.00
8504.00,25477.00,431.96,432.00,5.00,5.00,0.67,0.20,1.00
7752.00,23156.00,431.95,431.98,5.00,5.00,0.67,0.20,1.00
7714.00,23139.00,431.98,432.00,5.00,5.00,0.67,0.20,1.00
7820.00,23164.00,431.99,432.01,5.00,5.00,0.67,0.20,1.00
7723.00,23169.00,431.98,432.00,5.00,5.00,0.67,0.20,1.00
7799.00,23182.00,431.98,432.00,5.00,5.00,0.67,0.20,1.00
7819.00,23175.00,431.90,431.97,5.00,5.00,0.67,0.20,1.00
7724.00,23162.00,431.93,432.00,5.00,5.00,0.67,0.20,1.00
7749.00,23179.00,431.99,432.00,5.00,5.00,0.67,0.20,1.00
7735.00,23187.00,431.97,431.99,5.00,5.00,0.67,0.20,1.00
8547.00,25489.00,431.99,432.04,5.00,5.00,0.67,0.20,1.00
7734.00,23168.00,431.99,432.02,5.00,5.00,0.67,0.20,1.00
7727.00,23170.00,431.98,431.99,5.00,5.00,0.67,0.20,1.00
7755.00,23161.00,431.98,431.98,5.00,5.00,0.67,0.20,1.00
7751.00,23170.00,431.98,431.98,6.00,6.00,0.67,0.20,1.00
7758.00,23191.00,431.94,431.98,5.00,6.00,0.67,0.20,1.00
7757.00,23162.00,431.96,432.00,5.00,5.00,0.67,0.20,1.00
7728.00,23164.00,431.99,432.01,5.00,5.00,0.67,0.20,1.00
7775.00,23185.00,432.00,432.03,5.00,5.00,0.67,0.20,1.00
7741.00,23172.00,431.99,431.99,5.00,5.00,0.67,0.20,1.00
8535.00,25479.00,431.99,432.00,5.00,5.00,0.67,0.20,1.00
7771.00,23174.00,431.99,431.99,5.00,5.00,0.67,0.20,1.00
7756.00,23182.00,431.97,431.99,5.00,5.00,0.67,0.20,1.00
7755.00,23189.00,431.98,431.99,5.00,5.00,0.67,0.20,1.00
7755.00,23183.00,431.98,432.00,5.00,5.00,0.67,0.20,1.00
7738.00,23166.00,431.97,432.02,5.00,5.00,0.67,0.20,1.00
7757.00,23170.00,431.98,432.00,5.00,5.00,0.67,0.20,1.00
7759.00,23180.00,431.97,432.01,5.00,5.00,0.67,0.20,1.00
7759.00,23152.00,431.97,432.01,5.00,5.00,0.67,0.20,1.00
7758.00,23173.00,431.94,432.01,5.00,5.00,0.67,0.20,1.00
8497.00,25500.00,432.00,432.00,5.00,5.00,0.67,0.20,1.00
7749.00,23141.00,431.95,432.00,5.00,6.00,0.67,0.20,1.00
7791.00,23181.00,431.99,431.99,6.00,6.00,0.67,0.20,1.00
7784.00,23179.00,431.91,431.99,5.00,5.00,0.67,0.20,1.00
7785.00,23177.00,431.98,431.99,5.00,5.00,0.67,0.20,1.00
7779.00,23170.00,431.95,431.98,5.00,5.00,0.67,0.20,1.00
7720.00,23175.00,431.97,431.99,5.00,5.00,0.67,0.20,1.00
7756.00,23191.00,431.98,431.98,5.00,5.00,0.67,0.20,1.00
7748.00,23178.00,431.98,432.00,5.00,5.00,0.67,0.20,1.00
7742.00,23170.00,431.93,431.98,5.00,5.00,0.67,0.20,1.00
8560.00,25507.00,431.99,432.00,5.00,5.00,0.67,0.20,1.00
7732.00,23175.00,431.97,431.97,5.00,5.00,0.67,0.20,1.00
7755.00,23170.00,431.98,432.00,5.00,5.00,0.67,0.20,1.00
7762.00,23135.00,431.98,431.99,5.00,5.00,0.67,0.20,1.00
7750.00,23180.00,432.00,432.01,5.00,5.00,0.67,0.20,1.00
7745.00,23129.00,431.97,431.97,5.00,5.00,0.67,0.20,1.00
7800.00,23163.00,431.92,431.98,5.00,5.00,0.67,0.20,1.00
7744.00,23187.00,431.95,432.01,5.00,5.00,0.67,0.20,1.00
7739.00,23148.00,431.96,431.97,6.00,6.00,0.67,0.20,1.00
8510.00,25481.00,431.97,431.98,5.00,5.00,0.67,0.20,1.00
7758.00,23182.00,431.97,432.00,5.00,5.00,0.67,0.20,1.00
7744.00,23182.00,431.96,431.97,5.00,5.00,0.67,0.20,1.00
7727.00,23160.00,431.99,431.99,5.00,5.00,0.67,0.20,1.00
7758.00,23187.00,431.94,431.97,5.00,5.00,0.67,0.20,1.00
7781.00,23170.00,431.95,431.98,5.00,5.00,0.67,0.20,1.00
7805.00,23145.00,431.90,431.97,5.00,5.00,0.67,0.20,1.00
7748.00,23170.00,431.98,431.98,5.00,5.00,0.67,0.20,1.00
7789.00,23171.00,432.01,432.02,5.00,5.00,0.67,0.20,1.00
7729.00,23154.00,431.98,432.01,5.00,5.00,0.67,0.20,1.00
8588.00,25462.00,431.99,432.00,5.00,5.00,0.67,0.20,1.00
7745.00,23155.00,431.92,431.96,5.00,5.00,0.67,0.20,1.00
7721.00,23064.00,431.97,431.99,5.00,5.00,0.67,0.20,1.00
7729.00,23170.00,431.98,432.01,5.00,5.00,0.67,0.20,1.00
7793.00,23175.00,431.96,431.97,5.00,5.00,0.67,0.20,1.00
7780.00,23168.00,431.98,432.01,5.00,6.00,0.67,0.20,1.00
7727.00,23166.00,431.99,432.01,6.00,6.00,0.67,0.20,1.00
7749.00,23169.00,431.94,432.00,5.00,5.00,0.67,0.20,1.00
7745.00,23161.00,432.01,432.02,5.00,5.00,0.67,0.20,1.00
8519.00,25485.00,431.98,431.98,5.00,5.00,0.67,0.20,1.00
7753.00,23159.00,431.96,432.01,5.00,5.00,0.67,0.20,1.00
4208.00,12588.00,432.00,432.03,5.00,5.00,0.67,0.20,1.00
