11.00,11.00,727.27,727.27,5.00,5.00,1.00,0.00,0.80
11.00,11.00,727.27,727.27,5.00,5.00,1.00,0.00,0.80
46.00,46.00,782.61,782.61,5.00,5.00,1.00,0.00,0.80
27.00,27.00,777.78,777.78,5.00,5.00,1.00,0.00,0.80
9.00,9.00,777.78,777.78,5.00,5.00,1.00,0.00,0.80
27.00,27.00,777.78,777.78,5.00,5.00,1.00,0.00,0.80
15.00,15.00,733.33,733.33,5.00,5.00,1.00,0.00,0.80
11.00,11.00,727.27,727.27,5.00,5.00,1.00,0.00,0.80
20.00,20.00,750.00,750.00,5.00,5.00,1.00,0.00,0.80
26.00,26.00,807.69,807.69,5.00,5.00,1.00,0.00,0.80
69.00,69.00,782.61,782.61,5.00,5.00,1.00,0.00,0.80
430.00,430.00,783.72,783.72,5.00,5.00,1.00,0.00,0.80
2.00,2.00,1000.00,1000.00,6.00,6.00,1.00,0.00,0.80
32.50,49.00,794.01,812.50,5.00,5.00,1.00,0.00,1.20
283.00,283.00,784.45,784.45,5.00,5.00,1.00,0.00,0.80
7.00,7.00,714.29,714.29,5.00,5.00,1.00,0.00,0.80
42.00,42.00,785.71,785.71,5.00,5.00,1.00,0.00,0.80
19.00,19.00,789.47,789.47,5.00,5.00,1.00,0.00,0.80
111.00,111.00,783.78,783.78,5.00,5.00,1.00,0.00,0.80
33.00,33.00,787.88,787.88,5.00,5.00,1.00,0.00,0.80
7.50,9.00,722.22,777.78,5.00,5.00,1.00,0.00,1.20
16.00,16.00,812.50,812.50,5.00,5.00,1.00,0.00,0.80
3.00,3.00,666.67,666.67,5.00,5.00,1.00,0.00,0.80
16.00,16.00,812.50,812.50,5.00,5.00,1.00,0.00,0.80
22.00,22.00,772.73,772.73,5.00,5.00,1.00,0.00,0.80
7.00,7.00,857.14,857.14,5.00,5.00,1.00,0.00,0.80
20.00,20.00,750.00,750.00,5.00,5.00,1.00,0.00,0.80
3.00,3.00,666.67,666.67,6.00,6.00,1.00,0.00,0.80
7.00,7.00,714.29,714.29,5.00,5.00,1.00,0.00,0.80
8.00,8.00,750.00,750.00,5.00,5.00,1.00,0.00,0.80
8.50,13.00,759.62,769.23,5.00,5.00,1.00,0.00,1.20
13.00,13.00,769.23,769.23,5.00,5.00,1.00,0.00,0.80
17.50,24.00,759.47,791.67,5.00,5.00,1.00,0.00,1.20
38.00,38.00,789.47,789.47,5.00,5.00,1.00,0.00,0.80
4.00,4.00,750.00,750.00,5.00,5.00,1.00,0.00,0.80
10.00,10.00,800.00,800.00,5.00,5.00,1.00,0.00,0.80
5.00,6.00,708.33,750.00,5.00,5.00,1.00,0.00,1.20
12.00,12.00,750.00,750.00,5.00,5.00,1.00,0.00,0.80
7.00,7.00,714.29,714.29,5.00,5.00,1.00,0.00,0.80
12.00,12.00,750.00,750.00,5.00,5.00,1.00,0.00,0.80
23.00,23.00,782.61,782.61,5.00,5.00,1.00,0.00,0.80
7.00,7.00,714.29,714.29,5.00,5.00,1.00,0.00,0.80
5.00,5.00,800.00,800.00,5.00,5.00,1.00,0.00,0.80
5.00,5.00,800.00,800.00,5.00,5.00,1.00,0.00,0.80
5.00,5.00,800.00,800.00,6.00,6.00,1.00,0.00,0.80
6.00,7.00,757.14,800.00,5.00,5.00,1.00,0.00,1.20
6.00,6.00,833.33,833.33,5.00,5.00,1.00,0.00,1.20
6.00,6.00,666.67,666.67,5.00,5.00,1.00,0.00,0.80
5.00,5.00,800.00,800.00,5.00,5.00,1.00,0.00,0.80
5.50,6.00,633.33,666.67,5.00,5.00,1.00,0.00,1.20
14.00,14.00,785.71,785.71,5.00,5.00,1.00,0.00,0.80
13.50,19.00,769.74,789.47,5.00,5.00,1.00,0.00,1.20
29.00,29.00,758.62,758.62,5.00,5.00,1.00,0.00,0.80
18.00,18.00,777.78,777.78,5.00,5.00,1.00,0.00,0.80
4.00,4.00,750.00,750.00,5.00,5.00,1.00,0.00,0.80
31.00,31.00,774.19,774.19,5.00,5.00,1.00,0.00,0.80
29.00,29.00,758.62,758.62,5.00,5.00,1.00,0.00,0.80
13.00,13.00,769.23,769.23,5.00,5.00,1.00,0.00,0.80
7.00,11.00,696.97,727.27,5.00,5.00,1.00,0.00,1.20
8.00,10.00,816.67,833.33,5.00,5.00,1.00,0.00,1.20
17.00,17.00,764.71,764.71,5.00,5.00,1.00,0.00,0.80
16.00,26.00,820.51,833.33,5.00,5.00,1.00,0.00,1.20
19.00,23.00,757.97,782.61,5.00,5.00,1.00,0.00,1.20
12.00,12.00,833.33,833.33,6.00,6.00,1.00,0.00,0.80
11.00,11.00,818.18,818.18,5.00,5.00,1.00,0.00,0.80
9.50,15.00,775.00,800.00,5.00,5.00,1.00,0.00,1.20
112.00,112.00,785.71,785.71,5.00,5.00,1.00,0.00,0.80
36.00,37.00,777.61,783.78,5.00,5.00,1.00,0.00,1.20
13.00,14.00,767.86,785.71,5.00,5.00,1.00,0.00,1.20
20.00,20.00,800.00,800.00,5.00,5.00,1.00,0.00,0.80
5.00,5.00,600.00,600.00,5.00,5.00,1.00,0.00,0.80
19.00,19.00,789.47,789.47,5.00,5.00,1.00,0.00,0.80
5.00,5.00,800.00,800.00,5.00,5.00,1.00,0.00,0.80
10.00,10.00,700.00,700.00,5.00,5.00,1.00,0.00,0.80
6.00,11.00,863.64,1000.00,5.00,5.00,1.00,0.00,1.20
12.00,12.00,750.00,750.00,5.00,5.00,1.00,0.00,0.80
10.00,10.00,800.00,800.00,5.00,5.00,1.00,0.00,0.80
12.50,24.00,895.83,1000.00,5.00,5.00,1.00,0.00,1.20
40.00,40.00,775.00,775.00,5.00,5.00,1.00,0.00,0.80
5.00,5.00,600.00,600.00,5.00,5.00,1.00,0.00,0.80
9.00,9.00,777.78,777.78,5.00,5.00,1.00,0.00,0.80
44.00,44.00,772.73,772.73,5.00,5.00,1.00,0.00,0.80
19.00,19.00,789.47,789.47,5.00,5.00,1.00,0.00,0.80
1.00,1.00,1000.00,1000.00,5.00,5.00,1.00,0.00,0.80
35.00,35.00,771.43,771.43,5.00,5.00,1.00,0.00,0.80
19.00,19.00,736.84,736.84,5.00,5.00,1.00,0.00,0.80
19.00,19.00,789.47,789.47,5.00,5.00,1.00,0.00,0.80
11.00,11.00,727.27,727.27,5.00,5.00,1.00,0.00,0.80
22.00,22.00,772.73,772.73,5.00,5.00,1.00,0.00,0.80
13.00,13.00,769.23,769.23,5.00,5.00,1.00,0.00,0.80
123.00,123.00,780.49,780.49,5.00,5.00,1.00,0.00,0.80
1.00,1.00,1000.00,1000.00,5.00,5.00,1.00,0.00,0.80
7.50,13.00,884.62,1000.00,5.00,5.00,1.00,0.00,1.20
22.00,22.00,772.73,772.73,5.00,5.00,1.00,0.00,0.80
15.00,15.00,800.00,800.00,5.00,5.00,1.00,0.00,0.80
8.00,8.00,750.00,750.00,5.00,5.00,1.00,0.00,0.80
43.00,43.00,767.44,767.44,5.00,5.00,1.00,0.00,0.80
290.00,290.00,782.76,782.76,5.00,5.00,1.00,0.00,0.80
1.00,1.00,1000.00,1000.00,5.00,5.00,1.00,0.00,0.80
20.00,20.00,750.00,750.00,5.00,5.00,1.00,0.00,0.80
45.00,45.00,777.78,777.78,5.00,5.00,1.00,0.00,0.80
26.00,26.00,769.23,769.23,5.00,5.00,1.00,0.00,0.80
8.00,8.00,750.00,750.00,5.00,5.00,1.00,0.00,0.80
3.00,3.00,666.67,666.67,5.00,5.00,1.00,0.00,0.80
6.00,9.00,722.22,777.78,5.00,5.00,1.00,0.00,1.20
9.00,9.00,777.78,777.78,5.00,5.00,1.00,0.00,0.80
4.00,4.00,750.00,750.00,6.00,6.00,1.00,0.00,0.80
12.00,12.00,750.00,750.00,5.00,5.00,1.00,0.00,0.80
42.00,42.00,785.71,785.71,5.00,5.00,1.00,0.00,0.80
66.00,124.00,766.13,782.26,5.00,5.00,1.00,0.00,1.20
17.50,23.00,807.97,833.33,5.00,5.00,1.00,0.00,1.20
43.00,43.00,767.44,767.44,5.00,5.00,1.00,0.00,0.80
14.00,14.00,785.71,785.71,5.00,5.00,1.00,0.00,0.80
6.00,6.00,833.33,833.33,5.00,5.00,1.00,0.00,0.80
5.00,5.00,800.00,800.00,5.00,5.00,1.00,0.00,0.80
14.00,14.00,785.71,785.71,5.00,5.00,1.00,0.00,0.80
12.50,18.00,746.03,777.78,5.00,5.00,1.00,0.00,1.20
17.50,31.00,762.10,774.19,5.00,5.00,1.00,0.00,1.20
5.00,6.00,791.67,833.33,5.00,5.00,1.00,0.00,1.20
16.00,16.00,750.00,750.00,5.00,5.00,1.00,0.00,0.80
11.50,15.00,775.00,800.00,5.00,5.00,1.00,0.00,1.20
19.00,19.00,736.84,736.84,5.00,5.00,1.00,0.00,0.80
7.50,9.00,805.56,833.33,5.00,5.00,1.00,0.00,1.20
11.00,11.00,727.27,727.27,5.00,5.00,1.00,0.00,0.80
7.00,7.00,714.29,714.29,5.00,5.00,1.00,0.00,0.80
8.00,8.00,750.00,750.00,6.00,6.00,1.00,0.00,0.80
7.00,7.00,857.14,857.14,5.00,5.00,1.00,0.00,0.80
13.00,13.00,769.23,769.23,5.00,5.00,1.00,0.00,0.80
5.00,5.00,800.00,800.00,5.00,5.00,1.00,0.00,0.80
31.00,31.00,774.19,774.19,5.00,5.00,1.00,0.00,0.80
31.00,31.00,774.19,774.19,5.00,5.00,1.00,0.00,0.80
15.00,15.00,800.00,800.00,5.00,5.00,1.00,0.00,0.80
15.00,15.00,800.00,800.00,5.00,5.00,1.00,0.00,0.80
5.00,5.00,800.00,800.00,5.00,5.00,1.00,0.00,0.80
5.00,5.00,800.00,800.00,5.00,5.00,1.00,0.00,0.80
21.00,21.00,809.52,809.52,5.00,5.00,1.00,0.00,0.80
11.50,14.00,746.03,777.78,5.00,5.00,1.00,0.00,1.20
12.00,12.00,750.00,750.00,5.00,5.00,1.00,0.00,0.80
8.00,12.00,791.67,833.33,5.00,5.00,1.00,0.00,1.20
8.00,8.00,750.00,750.00,5.00,5.00,1.00,0.00,0.80
6.00,6.00,833.33,833.33,5.00,5.00,1.00,0.00,0.80
9.00,14.00,732.14,750.00,5.00,5.00,1.00,0.00,1.20
8.50,9.00,763.89,777.78,5.50,6.00,1.00,0.00,1.20
6.00,6.00,666.67,666.67,5.00,5.00,1.00,0.00,0.80
8.00,8.00,750.00,750.00,5.00,5.00,1.00,0.00,0.80
6.50,8.00,775.00,800.00,5.00,5.00,1.00,0.00,1.20
4.00,4.00,750.00,750.00,5.00,5.00,1.00,0.00,0.80
12.00,12.00,750.00,750.00,5.00,5.00,1.00,0.00,0.80
41.00,41.00,780.49,780.49,5.00,5.00,1.00,0.00,0.80
13.00,13.00,769.23,769.23,5.00,5.00,1.00,0.00,0.80
13.00,13.00,769.23,769.23,5.00,5.00,1.00,0.00,0.80
9.50,15.00,775.00,800.00,5.00,5.00,1.00,0.00,1.20
5.00,5.00,800.00,800.00,5.00,5.00,1.00,0.00,0.80
8.00,8.00,750.00,750.00,5.00,5.00,1.00,0.00,0.80
2.00,2.00,1000.00,1000.00,5.00,5.00,1.00,0.00,0.80
11.00,11.00,727.27,727.27,5.00,5.00,1.00,0.00,0.80
2.00,2.00,500.00,500.00,5.00,5.00,1.00,0.00,0.80
11.00,11.00,727.27,727.27,6.00,6.00,1.00,0.00,0.80
4.50,8.00,875.00,1000.00,5.00,5.00,1.00,0.00,1.20
10.00,10.00,800.00,800.00,5.00,5.00,1.00,0.00,0.80
12.50,24.00,875.00,1000.00,5.00,5.00,1.00,0.00,1.20
17.00,31.00,720.43,774.19,5.00,5.00,1.00,0.00,1.20
23.50,43.00,770.35,790.70,5.00,5.00,1.00,0.00,1.20
9.00,12.00,791.67,833.33,5.00,5.00,1.00,0.00,1.20
1.00,1.00,1000.00,1000.00,5.00,5.00,1.00,0.00,0.80
15.00,15.00,800.00,800.00,5.00,5.00,1.00,0.00,0.80
15.00,15.00,800.00,800.00,5.00,5.00,1.00,0.00,0.80
12463.00,12463.00,784.00,784.00,5.00,5.00,1.00,0.00,0.80
257.00,257.00,782.10,782.10,5.00,5.00,1.00,0.00,0.80
11.00,11.00,727.27,727.27,5.00,5.00,1.00,0.00,0.80
31.00,31.00,774.19,774.19,5.00,5.00,1.00,0.00,0.80
12.50,13.00,801.28,833.33,5.00,5.00,1.00,0.00,0.80
13.00,13.00,769.23,769.23,5.00,5.00,1.00,0.00,0.80
1.00,1.00,1000.00,1000.00,5.00,5.00,1.00,0.00,0.80
13.00,16.00,775.00,800.00,5.00,5.00,1.00,0.00,1.20
51.00,100.00,645.00,790.00,5.00,5.00,1.00,0.00,1.20
23.00,23.00,782.61,782.61,5.00,5.00,1.00,0.00,0.80
37.00,37.00,783.78,783.78,5.00,5.00,1.00,0.00,0.80
6.00,6.00,833.33,833.33,5.00,5.00,1.00,0.00,0.80
57.00,57.00,789.47,789.47,5.00,5.00,1.00,0.00,0.80
14.00,14.00,785.71,785.71,5.00,5.00,1.00,0.00,0.80
17.00,32.00,640.62,781.25,5.00,5.00,1.00,0.00,1.20
16.00,16.00,750.00,750.00,5.00,5.00,1.00,0.00,0.80
4.00,4.00,750.00,750.00,5.00,5.00,1.00,0.00,0.80
29.00,31.00,775.99,777.78,5.00,5.00,1.00,0.00,1.20
107.00,107.00,785.05,785.05,5.00,5.00,1.00,0.00,0.80
41.00,41.00,780.49,780.49,5.00,5.00,1.00,0.00,0.80
32.00,32.00,781.25,781.25,5.00,5.00,1.00,0.00,0.80
2.00,2.00,500.00,500.00,6.00,6.00,1.00,0.00,0.80
15.00,15.00,800.00,800.00,5.00,5.00,1.00,0.00,0.80
31.00,31.00,774.19,774.19,5.00,5.00,1.00,0.00,0.80
7.00,12.00,625.00,750.00,5.00,5.00,1.00,0.00,1.20
15.00,15.00,800.00,800.00,5.00,5.00,1.00,0.00,0.80
14.00,24.00,750.00,750.00,5.00,5.00,1.00,0.00,1.20
15.00,15.00,733.33,733.33,5.00,5.00,1.00,0.00,0.80
6.00,7.00,657.14,714.29,5.00,5.00,1.00,0.00,1.20
14.00,16.00,750.00,750.00,5.00,5.00,1.00,0.00,1.20
38.00,38.00,763.16,763.16,5.00,5.00,1.00,0.00,0.80
17.00,17.00,764.71,764.71,5.00,5.00,1.00,0.00,0.80
38.00,38.00,763.16,763.16,5.00,5.00,1.00,0.00,0.80
6.00,9.00,722.22,777.78,5.00,5.00,1.00,0.00,1.20
10.00,10.00,700.00,700.00,5.00,5.00,1.00,0.00,0.80
5.50,6.00,816.67,833.33,5.00,5.00,1.00,0.00,1.20
9.00,9.00,777.78,777.78,5.00,5.00,1.00,0.00,0.80
4.00,4.00,750.00,750.00,5.00,5.00,1.00,0.00,0.80
9.00,11.00,720.78,727.27,5.00,5.00,1.00,0.00,1.20
25.00,25.00,760.00,760.00,6.00,6.00,1.00,0.00,0.80
6.00,8.00,750.00,750.00,5.00,5.00,1.00,0.00,1.20
11.00,11.00,727.27,727.27,5.00,5.00,1.00,0.00,0.80
5.50,6.00,816.67,833.33,5.00,5.00,1.00,0.00,1.20
73.00,73.00,780.82,780.82,5.00,5.00,1.00,0.00,0.80
76.00,76.00,776.32,776.32,5.00,5.00,1.00,0.00,0.80
10.00,10.00,800.00,800.00,5.00,5.00,1.00,0.00,0.80
16.00,16.00,812.50,812.50,5.00,5.00,1.00,0.00,0.80
14.00,23.00,791.30,800.00,5.00,5.00,1.00,0.00,1.20
28.00,30.00,767.95,769.23,5.00,5.00,1.00,0.00,1.20
23.50,32.00,757.29,781.25,5.00,5.00,1.00,0.00,1.20
11.00,16.00,791.67,833.33,5.00,5.00,1.00,0.00,1.20
10.50,15.00,783.33,833.33,5.00,5.00,1.00,0.00,1.20
12.00,16.00,750.00,750.00,5.00,5.00,1.00,0.00,1.20
101.50,195.00,767.31,784.62,5.00,5.00,1.00,0.00,1.20
144.00,144.00,784.72,784.72,5.00,5.00,1.00,0.00,0.80
103.00,103.00,776.70,776.70,5.00,5.00,1.00,0.00,0.80
68.00,68.00,779.41,779.41,5.00,5.00,1.00,0.00,0.80
6.00,6.00,833.33,833.33,5.00,5.00,1.00,0.00,0.80
4.00,4.00,750.00,750.00,6.00,6.00,1.00,0.00,0.80
29.00,29.00,793.10,793.10,5.00,5.00,1.00,0.00,0.80
14.00,19.00,783.63,789.47,5.00,5.00,1.00,0.00,1.20
13.00,13.00,769.23,769.23,5.00,5.00,1.00,0.00,0.80
5.00,5.00,600.00,600.00,5.00,5.00,1.00,0.00,0.80
8.00,8.00,750.00,750.00,5.00,5.00,1.00,0.00,0.80
5.00,5.00,800.00,800.00,5.00,5.00,1.00,0.00,0.80
10.00,10.00,800.00,800.00,5.00,5.00,1.00,0.00,0.80
4.00,4.00,750.00,750.00,5.00,5.00,1.00,0.00,0.80
10.00,10.00,700.00,700.00,5.00,5.00,1.00,0.00,0.80
16.50,29.00,771.55,793.10,5.00,5.00,1.00,0.00,1.20
11.00,11.00,818.18,818.18,5.00,5.00,1.00,0.00,0.80
11.00,11.00,727.27,727.27,5.00,5.00,1.00,0.00,0.80
7.50,11.00,738.64,750.00,5.00,5.00,1.00,0.00,1.20
12.00,12.00,750.00,750.00,5.00,5.00,1.00,0.00,0.80
17.00,17.00,764.71,764.71,5.00,5.00,1.00,0.00,0.80
16.00,16.00,812.50,812.50,5.50,6.00,1.00,0.00,0.80
4.00,4.00,750.00,750.00,5.50,6.00,1.00,0.00,0.80
23.00,23.00,782.61,782.61,5.00,5.00,1.00,0.00,0.80
22.50,41.00,765.24,780.49,5.00,5.00,1.00,0.00,1.20
9.50,11.00,784.09,818.18,5.00,5.00,1.00,0.00,1.20
2.00,2.00,500.00,500.00,5.00,5.00,1.00,0.00,0.80
93.00,93.00,784.95,784.95,5.00,5.00,1.00,0.00,0.80
18.00,18.00,777.78,777.78,5.00,5.00,1.00,0.00,0.80
14.00,14.00,785.71,785.71,5.00,5.00,1.00,0.00,0.80
2.00,2.00,1000.00,1000.00,5.00,5.00,1.00,0.00,0.80
17.00,17.00,764.71,764.71,5.00,5.00,1.00,0.00,0.80
10.00,10.00,700.00,700.00,5.00,5.00,1.00,0.00,0.80
24.00,24.00,750.00,750.00,5.00,5.00,1.00,0.00,0.80
240.00,240.00,783.33,783.33,6.00,6.00,1.00,0.00,0.80
9.00,9.00,777.78,777.78,5.00,5.00,1.00,0.00,0.80
16.00,16.00,750.00,750.00,5.00,5.00,1.00,0.00,0.80
40.00,40.00,775.00,775.00,5.00,5.00,1.00,0.00,0.80
1.00,1.00,1000.00,1000.00,5.00,5.00,1.00,0.00,0.80
500.00,500.00,784.00,784.00,5.00,5.00,1.00,0.00,0.80
9.00,9.00,777.78,777.78,5.00,5.00,1.00,0.00,0.80
1.00,1.00,1000.00,1000.00,5.00,5.00,1.00,0.00,0.80
9.50,17.00,882.35,1000.00,5.00,5.00,1.00,0.00,1.20
17.50,33.00,628.79,757.58,5.00,5.00,1.00,0.00,1.20
26.00,26.00,788.46,807.69,5.00,5.00,1.00,0.00,0.80
6.50,11.00,613.64,818.18,5.00,5.00,1.00,0.00,1.20
23.00,23.00,782.61,782.61,5.00,5.00,1.00,0.00,0.80
22.00,22.00,772.73,772.73,5.00,5.00,1.00,0.00,0.80
1.00,1.00,1000.00,1000.00,5.00,5.00,1.00,0.00,0.80
17.00,17.00,764.71,764.71,5.00,5.00,1.00,0.00,0.80
11.00,12.00,725.00,750.00,5.00,5.00,1.00,0.00,1.20
50.00,50.00,780.00,780.00,6.00,6.00,1.00,0.00,0.80
7.00,7.00,714.29,714.29,5.00,5.00,1.00,0.00,0.80
28.00,28.00,785.71,785.71,5.00,5.00,1.00,0.00,0.80
2.00,2.00,500.00,500.00,5.00,5.00,1.00,0.00,0.80
10.00,10.00,800.00,800.00,5.00,5.00,1.00,0.00,0.80
5.50,9.00,638.89,777.78,5.00,5.00,1.00,0.00,1.20
38.50,68.00,778.59,779.41,5.00,5.00,1.00,0.00,1.20
264.00,264.00,784.09,784.09,5.00,5.00,1.00,0.00,0.80
6.00,6.00,666.67,666.67,5.00,5.00,1.00,0.00,0.80
21.00,21.00,809.52,809.52,5.00,5.00,1.00,0.00,0.80
35.00,35.00,771.43,771.43,5.00,5.00,1.00,0.00,0.80
40.00,76.00,763.16,776.32,5.00,5.00,1.00,0.00,1.20
8.50,9.00,763.89,777.78,5.00,5.00,1.00,0.00,1.20
35.00,53.00,769.15,773.58,5.00,5.00,1.00,0.00,1.20
64.50,113.00,768.81,787.61,5.00,5.00,1.00,0.00,1.20
50.00,50.00,780.00,780.00,5.00,5.00,1.00,0.00,0.80
34.00,34.00,764.71,764.71,5.00,5.00,1.00,0.00,0.80
11.00,11.00,818.18,818.18,6.00,6.00,1.00,0.00,0.80
17.00,24.00,775.00,800.00,5.00,5.00,1.00,0.00,1.20
176.50,332.00,772.52,783.13,5.00,5.00,1.00,0.00,1.20
334.00,663.00,792.16,800.00,5.00,5.00,1.00,0.00,1.20
9.00,11.00,720.78,727.27,5.00,5.00,1.00,0.00,1.20
17.00,17.00,764.71,764.71,5.00,5.00,1.00,0.00,0.80
10.00,10.00,700.00,700.00,5.00,5.00,1.00,0.00,0.80
5.00,5.00,800.00,800.00,5.00,5.00,1.00,0.00,0.80
5569.00,5569.00,783.98,783.98,5.00,5.00,1.00,0.00,0.80
7098.00,7098.00,783.88,783.88,5.00,5.00,1.00,0.00,0.80
6.00,6.00,833.33,833.33,5.00,5.00,1.00,0.00,0.80
6.00,6.00,666.67,666.67,5.00,5.00,1.00,0.00,0.80
6.00,7.00,757.14,800.00,5.00,5.00,1.00,0.00,1.20
6.00,6.00,833.33,833.33,5.00,5.00,1.00,0.00,0.80
12.00,12.00,833.33,833.33,5.00,5.00,1.00,0.00,0.80
10.00,15.00,766.67,800.00,5.00,5.00,1.00,0.00,1.20
18.00,18.00,777.78,777.78,5.00,5.00,1.00,0.00,0.80
7.50,9.00,722.22,777.78,5.00,5.00,1.00,0.00,1.20
19.00,19.00,736.84,736.84,6.00,6.00,1.00,0.00,0.80
8.00,10.00,733.33,800.00,5.00,5.00,1.00,0.00,1.20
4.00,4.00,750.00,750.00,5.00,5.00,1.00,0.00,0.80
12.00,12.00,750.00,750.00,5.00,5.00,1.00,0.00,0.80
15.00,15.00,800.00,800.00,5.00,5.00,1.00,0.00,0.80
5.00,5.00,800.00,800.00,5.00,5.00,1.00,0.00,1.20
4.00,4.00,750.00,750.00,5.00,5.00,1.00,0.00,0.80
576.00,576.00,782.99,782.99,5.00,5.00,1.00,0.00,0.80
431.00,431.00,781.90,781.90,5.00,5.00,1.00,0.00,0.80
10.00,17.00,715.69,764.71,5.00,5.00,1.00,0.00,1.20
7.50,8.00,732.14,750.00,5.00,5.00,1.00,0.00,1.20
7.00,11.00,696.97,727.27,5.00,5.00,1.00,0.00,1.20
39.00,39.00,794.87,794.87,5.00,5.00,1.00,0.00,0.80
15.00,15.00,800.00,800.00,5.00,5.00,1.00,0.00,0.80
29.00,29.00,758.62,758.62,5.00,5.00,1.00,0.00,0.80
37.00,37.00,783.78,783.78,5.00,5.00,1.00,0.00,0.80
12.00,13.00,748.25,769.23,6.00,6.00,1.00,0.00,1.20
13.00,13.00,769.23,769.23,5.00,5.00,1.00,0.00,0.80
3.00,3.00,666.67,666.67,5.00,5.00,1.00,0.00,0.80
28.00,28.00,785.71,785.71,5.00,5.00,1.00,0.00,0.80
16.00,16.00,812.50,812.50,5.00,5.00,1.00,0.00,0.80
19.00,19.00,789.47,789.47,5.00,5.00,1.00,0.00,0.80
11.00,18.00,763.89,777.78,5.00,5.00,1.00,0.00,1.20
4.00,4.00,750.00,750.00,5.00,5.00,1.00,0.00,0.80
8.00,8.00,750.00,750.00,5.00,5.00,1.00,0.00,0.80
2.00,2.00,500.00,500.00,5.00,5.00,1.00,0.00,0.80
408.00,408.00,784.31,784.31,5.00,5.00,1.00,0.00,0.80
91.00,91.00,780.22,780.22,5.00,5.00,1.00,0.00,0.80
33.00,33.00,757.58,757.58,5.00,5.00,1.00,0.00,0.80
20.00,20.00,800.00,800.00,5.00,5.00,1.00,0.00,0.80
1.00,1.00,1000.00,1000.00,5.00,5.00,1.00,0.00,0.80
185.00,185.00,783.78,783.78,6.00,6.00,1.00,0.00,0.80
16.50,19.00,787.59,789.47,5.00,5.00,1.00,0.00,1.20
5.00,9.00,888.89,1000.00,5.00,5.00,1.00,0.00,1.20
39.00,39.00,769.23,769.23,5.00,5.00,1.00,0.00,0.80
9.50,17.00,882.35,1000.00,5.00,5.00,1.00,0.00,1.20
14.00,14.00,785.71,785.71,5.00,5.00,1.00,0.00,0.80
4.00,4.00,750.00,750.00,5.00,5.00,1.00,0.00,0.80
108.00,108.00,777.78,777.78,5.00,5.00,1.00,0.00,0.80
24.00,24.00,750.00,750.00,5.00,5.00,1.00,0.00,0.80
1.00,1.00,1000.00,1000.00,5.00,5.00,1.00,0.00,0.80
34.00,34.00,764.71,764.71,5.00,5.00,1.00,0.00,0.80
11.00,21.00,880.95,1000.00,5.00,5.00,1.00,0.00,1.20
26.00,26.00,769.23,769.23,5.00,5.00,1.00,0.00,0.80
20.00,20.00,800.00,800.00,5.00,5.00,1.00,0.00,0.80
18.00,18.00,777.78,777.78,5.00,5.00,1.00,0.00,0.80
20.00,20.00,800.00,800.00,5.00,5.00,1.00,0.00,0.80
11.00,11.00,727.27,727.27,5.00,5.00,1.00,0.00,0.80
2.00,2.00,500.00,500.00,6.00,6.00,1.00,0.00,0.80
2021.00,2021.00,783.77,783.77,5.00,5.00,1.00,0.00,0.80
5342.50,10677.00,766.96,783.93,5.00,5.00,1.00,0.00,1.20
41.00,41.00,780.49,780.49,5.00,5.00,1.00,0.00,0.80
3.00,3.00,666.67,666.67,5.00,5.00,1.00,0.00,0.80
10.50,19.00,618.42,736.84,5.00,5.00,1.00,0.00,1.20
11.00,11.00,818.18,818.18,5.00,5.00,1.00,0.00,0.80
2.00,2.00,500.00,500.00,5.00,5.00,1.00,0.00,0.80
14.00,19.00,783.63,789.47,5.00,5.00,1.00,0.00,1.20
183.00,275.00,781.02,781.82,5.00,5.00,1.00,0.00,1.20
369.50,722.00,774.32,783.93,5.00,5.00,1.00,0.00,1.20
44.00,44.00,795.45,795.45,5.00,5.00,1.00,0.00,0.80
3.00,3.00,666.67,666.67,5.00,5.00,1.00,0.00,0.80
7.00,9.00,788.89,800.00,5.00,5.00,1.00,0.00,1.20
30.00,48.00,802.08,833.33,5.00,5.00,1.00,0.00,1.20
60.50,118.00,727.40,788.14,5.00,5.00,1.00,0.00,1.20
8.00,8.00,750.00,750.00,6.00,6.00,1.00,0.00,0.80
3.00,3.00,666.67,666.67,5.00,5.00,1.00,0.00,0.80
12.00,12.00,750.00,750.00,5.00,5.00,1.00,0.00,0.80
5.50,7.00,732.14,750.00,5.00,5.00,1.00,0.00,1.20
12.00,12.00,750.00,750.00,5.00,5.00,1.00,0.00,0.80
9.50,12.00,732.14,833.33,5.00,5.00,1.00,0.00,1.20
19.00,29.00,768.20,777.78,5.00,5.00,1.00,0.00,1.20
13.00,13.00,769.23,769.23,5.00,5.00,1.00,0.00,0.80
17.00,17.00,764.71,764.71,5.00,5.00,1.00,0.00,0.80
