6328.00,18914.00,431.97,432.01,5.00,5.00,0.50,0.40,1.20
8508.50,25488.00,431.97,431.99,5.00,5.00,0.50,0.40,1.20
7704.00,23104.00,431.97,432.02,5.00,5.00,0.50,0.40,1.20
7731.50,23126.00,431.98,432.02,5.00,5.00,0.50,0.40,1.20
7734.50,23133.00,431.95,431.99,5.00,6.00,0.50,0.40,1.20
7738.00,23166.00,431.93,432.03,6.00,6.00,0.50,0.40,1.20
7736.50,23183.00,431.98,432.00,5.00,5.00,0.50,0.40,1.20
7746.50,23152.00,431.97,431.99,5.00,5.00,0.50,0.40,1.20
8496.00,25421.00,431.96,432.01,5.00,5.00,0.50,0.40,1.20
7745.50,23133.00,431.98,432.04,5.00,5.00,0.50,0.40,1.20
7725.50,23169.00,432.01,432.02,5.00,5.00,0.50,0.40,1.20
7752.50,23158.00,431.99,432.03,5.00,5.00,0.50,0.40,1.20
7771.50,23162.00,431.98,432.00,5.00,5.00,0.50,0.40,1.20
7737.00,23142.00,431.97,432.02,5.00,5.00,0.50,0.40,1.20
7747.00,23166.00,431.97,431.98,5.00,5.00,0.50,0.40,1.20
7722.50,23151.00,431.98,431.99,5.00,5.00,0.50,0.40,1.20
8526.50,25480.00,431.95,431.99,5.00,5.00,0.50,0.40,1.20
7746.50,23160.00,431.94,431.99,5.00,5.00,0.50,0.40,1.20
7740.00,23160.00,432.00,432.02,5.00,5.00,0.50,0.40,1.20
7759.00,23184.00,431.95,431.98,5.50,6.00,0.50,0.40,1.20
7725.50,23152.00,431.96,431.99,5.50,6.00,0.50,0.40,1.20
7733.50,23149.00,431.98,431.98,5.00,5.00,0.50,0.40,1.20
7735.00,23191.00,431.98,432.00,5.00,5.00,0.50,0.40,1.20
7728.50,23179.00,431.98,432.03,5.00,5.00,0.50,0.40,1.20
7758.00,23175.00,431.98,432.00,5.00,5.00,0.50,0.40,1.20
7747.00,23185.00,431.96,432.00,5.00,5.00,0.50,0.40,1.20
7759.50,23170.00,431.92,431.98,5.00,5.00,0.50,0.40,1.20
8513.50,25462.00,431.97,431.99,5.00,5.00,0.50,0.40,1.20
7739.00,23173.00,431.95,432.00,5.00,5.00,0.50,0.40,1.20
7756.00,23186.00,431.99,432.00,5.00,5.00,0.50,0.40,1.20
7743.00,23164.00,431.94,431.96,5.00,5.00,0.50,0.40,1.20
7761.00,23176.00,431.99,432.01,5.00,5.00,0.50,0.40,1.20
7750.50,23174.00,431.98,432.00,5.00,5.00,0.50,0.40,1.20
7734.50,23169.00,431.98,432.00,5.00,5.00,0.50,0.40,1.20
7750.50,23180.00,431.96,432.00,5.00,5.00,0.50,0.40,1.20
7742.00,23170.00,431.93,431.98,5.00,5.00,0.50,0.40,1.20
7724.00,23163.00,431.96,432.03,5.00,5.00,0.50,0.40,1.20
7733.00,23171.00,431.98,432.01,5.00,5.00,0.50,0.40,1.20
8512.50,25502.00,431.97,432.01,5.50,6.00,0.50,0.40,1.20
7741.00,23176.00,432.00,432.01,5.50,6.00,0.50,0.40,1.20
7735.50,23168.00,431.97,432.02,5.00,5.00,0.50,0.40,1.20
7752.00,23192.00,431.96,432.01,5.00,5.00,0.50,0.40,1.20
7745.00,23182.00,431.95,432.00,5.00,5.00,0.50,0.40,1.20
7755.50,23173.00,431.93,432.01,5.00,5.00,0.50,0.40,1.20
7732.50,23167.00,431.94,431.99,5.00,5.00,0.50,0.40,1.20
7751.50,23181.00,431.97,432.02,5.00,5.00,0.50,0.40,1.20
7733.50,23164.00,431.95,432.01,5.00,5.00,0.50,0.40,1.20
7738.00,23200.00,431.97,432.01,5.00,5.00,0.50,0.40,1.20
7763.00,23171.00,432.00,432.03,5.00,5.00,0.50,0.40,1.20
7760.00,23200.00,431.94,432.01,5.00,5.00,0.50,0.40,1.20
8514.50,25491.00,431.97,432.00,5.00,5.00,0.50,0.40,1.20
7746.00,23175.00,431.96,431.99,5.00,5.00,0.50,0.40,1.20
7735.00,23162.00,431.99,432.02,5.00,5.00,0.50,0.40,1.20
7689.50,23043.00,431.94,432.01,5.00,5.00,0.50,0.40,1.20
7735.50,23152.00,431.97,432.04,5.00,5.00,0.50,0.40,1.20
7739.50,23183.00,431.99,432.03,5.00,5.00,0.50,0.40,1.20
7736.50,23173.00,432.01,432.02,5.00,5.00,0.50,0.40,1.20
7728.50,23171.00,432.00,432.01,5.50,6.00,0.50,0.40,1.20
7744.50,23178.00,431.95,431.97,5.50,6.00,0.50,0.40,1.20
7739.00,23193.00,431.97,431.98,5.00,5.00,0.50,0.40,1.20
7742.00,23194.00,431.94,431.97,5.00,5.00,0.50,0.40,1.20
8524.50,25508.00,431.97,432.03,5.00,5.00,0.50,0.40,1.20
7738.50,23188.00,431.94,431.99,5.00,5.00,0.50,0.40,1.20
7730.00,23170.00,431.98,431.99,5.00,5.00,0.50,0.40,1.20
7737.50,23179.00,431.98,432.00,5.00,5.00,0.50,0.40,1.20
7742.50,23181.00,431.96,431.99,5.00,5.00,0.50,0.40,1.20
7734.50,23156.00,431.97,431.98,5.00,5.00,0.50,0.40,1.20
7731.00,23120.00,431.93,431.97,5.00,5.00,0.50,0.40,1.20
7747.50,23168.00,431.96,431.98,5.00,5.00,0.50,0.40,1.20
7744.00,23162.00,432.00,432.00,5.00,5.00,0.50,0.40,1.20
7770.00,23199.00,431.98,432.00,5.00,5.00,0.50,0.40,1.20
7755.50,23174.00,432.00,432.00,5.00,5.00,0.50,0.40,1.20
8515.50,25496.00,431.99,432.03,5.00,5.00,0.50,0.40,1.20
7747.50,23182.00,431.96,431.99,5.00,5.00,0.50,0.40,1.20
7737.50,23166.00,431.93,431.97,5.00,5.00,0.50,0.40,1.20
7742.50,23182.00,431.98,432.00,5.00,5.00,0.50,0.40,1.20
7730.50,23163.00,431.95,432.02,5.00,6.00,0.50,0.40,1.20
7742.00,23189.00,431.96,431.98,6.00,6.00,0.50,0.40,1.20
7737.50,23188.00,431.99,431.99,5.00,5.00,0.50,0.40,1.20
7743.50,23187.00,431.93,431.97,5.00,5.00,0.50,0.40,1.20
7746.00,23198.00,431.96,431.99,5.00,5.00,0.50,0.40,1.20
7747.00,23185.00,431.97,432.00,5.00,5.00,0.50,0.40,1.20
7750.00,23174.00,431.99,432.01,5.00,5.00,0.50,0.40,1.20
7755.00,23172.00,431.98,432.00,5.00,5.00,0.50,0.40,1.20
8503.50,25481.00,431.99,432.02,5.00,5.00,0.50,0.40,1.20
7747.50,23173.00,432.01,432.03,5.00,5.00,0.50,0.40,1.20
7731.00,23119.00,432.00,432.04,5.00,5.00,0.50,0.40,1.20
7736.00,23176.00,431.98,432.04,5.00,5.00,0.50,0.40,1.20
7741.00,23143.00,431.96,432.03,5.00,5.00,0.50,0.40,1.20
7732.00,23166.00,431.99,432.04,5.00,5.00,0.50,0.40,1.20
7753.50,23155.00,431.97,432.01,5.00,5.00,0.50,0.40,1.20
7743.00,23189.00,432.00,432.02,5.00,5.00,0.50,0.40,1.20
7747.00,23160.00,431.97,431.99,5.00,5.00,0.50,0.40,1.20
7735.50,23194.00,431.96,431.99,5.00,5.00,0.50,0.40,1.20
7745.00,23169.00,431.96,432.00,5.00,5.00,0.50,0.40,1.20
8513.00,25492.00,431.99,432.01,5.00,5.00,0.50,0.40,1.20
7734.00,23171.00,431.97,432.01,6.00,6.00,0.50,0.40,1.20
7706.00,23099.00,432.00,432.01,5.00,5.00,0.50,0.40,1.20
7741.50,23182.00,431.96,432.00,5.00,5.00,0.50,0.40,1.20
7738.00,23155.00,431.97,432.00,5.00,5.00,0.50,0.40,1.20
7731.50,23169.00,431.94,432.00,5.00,5.00,0.50,0.40,1.20
7745.00,23162.00,431.96,432.00,5.00,5.00,0.50,0.40,1.20
7734.50,23177.00,431.90,431.98,5.00,5.00,0.50,0.40,1.20
7760.00,23192.00,431.98,432.01,5.00,5.00,0.50,0.40,1.20
7764.00,23163.00,431.99,432.00,5.00,5.00,0.50,0.40,1.20
7733.50,23173.00,431.95,431.97,5.00,5.00,0.50,0.40,1.20
8526.00,25506.00,431.98,432.01,5.00,5.00,0.50,0.40,1.20
7757.00,23189.00,431.97,432.03,5.00,5.00,0.50,0.40,1.20
7735.50,23164.00,431.97,432.01,5.00,5.00,0.50,0.40,1.20
7752.00,23174.00,431.95,431.99,5.00,5.00,0.50,0.40,1.20
7735.00,23176.00,431.93,432.00,5.00,5.00,0.50,0.40,1.20
7749.00,23154.00,431.97,432.01,5.00,5.00,0.50,0.40,1.20
7750.50,23177.00,431.95,432.00,5.00,5.00,0.50,0.40,1.20
7732.50,23160.00,431.95,431.99,5.00,5.00,0.50,0.40,1.20
7738.00,23168.00,431.96,431.98,5.50,6.00,0.50,0.40,1.20
7753.00,23185.00,431.90,431.96,5.50,6.00,0.50,0.40,1.20
7736.00,23180.00,431.95,431.97,5.00,5.00,0.50,0.40,1.20
8515.50,25504.00,431.98,432.01,5.00,5.00,0.50,0.40,1.20
7715.50,23101.00,431.95,432.00,5.00,5.00,0.50,0.40,1.20
7756.00,23176.00,431.94,432.00,5.00,5.00,0.50,0.40,1.20
7729.00,23169.00,431.99,432.00,5.00,5.00,0.50,0.40,1.20
7703.50,23090.00,431.98,432.01,5.00,5.00,0.50,0.40,1.20
7730.00,23167.00,431.98,432.00,5.00,5.00,0.50,0.40,1.20
7760.00,23176.00,431.96,432.00,5.00,5.00,0.50,0.40,1.20
7726.00,23112.00,431.93,431.98,5.00,5.00,0.50,0.40,1.20
7732.50,23176.00,431.97,432.00,5.00,5.00,0.50,0.40,1.20
7748.00,23170.00,432.00,432.02,5.00,5.00,0.50,0.40,1.20
7758.00,23164.00,431.95,432.00,5.00,5.00,0.50,0.40,1.20
8511.00,25486.00,431.97,432.00,5.00,5.00,0.50,0.40,1.20
7760.50,23171.00,431.96,431.97,5.00,5.00,0.50,0.40,1.20
7726.50,23168.00,431.97,432.00,5.00,5.00,0.50,0.40,1.20
7740.00,23176.00,431.98,432.00,5.00,5.00,0.50,0.40,1.20
7745.00,23161.00,431.96,431.98,5.00,5.00,0.50,0.40,1.20
7737.00,23185.00,432.01,432.02,5.50,6.00,0.50,0.40,1.20
7734.00,23183.00,431.95,432.00,5.50,6.00,0.50,0.40,1.20
7752.00,23164.00,431.98,432.01,5.00,5.00,0.50,0.40,1.20
7747.00,23185.00,431.98,432.00,5.00,5.00,0.50,0.40,1.20
7746.50,23191.00,431.96,432.04,5.00,5.00,0.50,0.40,1.20
7729.50,23182.00,431.97,431.99,5.00,5.00,0.50,0.40,1.20
8513.50,25488.00,431.99,432.03,5.00,5.00,0.50,0.40,1.20
7730.50,23180.00,431.99,432.01,5.00,5.00,0.50,0.40,1.20
7761.00,23186.00,431.97,431.98,5.00,5.00,0.50,0.40,1.20
7730.50,23177.00,431.99,432.02,5.00,5.00,0.50,0.40,1.20
7745.50,23183.00,431.98,432.02,5.00,5.00,0.50,0.40,1.20
7737.50,23169.00,431.97,432.02,5.00,5.00,0.50,0.40,1.20
7751.00,23175.00,431.99,432.01,5.00,5.00,0.50,0.40,1.20
7739.50,23179.00,431.99,432.00,5.00,5.00,0.50,0.40,1.20
7764.50,23182.00,431.97,431.97,5.00,5.00,0.50,0.40,1.20
7741.50,23181.00,431.98,431.99,5.00,5.00,0.50,0.40,1.20
7741.50,23175.00,431.96,431.99,5.00,5.00,0.50,0.40,1.20
7759.50,23190.00,431.99,432.00,5.00,5.00,0.50,0.40,1.20
8517.50,25511.00,431.96,432.01,5.00,5.00,0.50,0.40,1.20
7750.00,23185.00,432.01,432.03,5.50,6.00,0.50,0.40,1.20
7727.50,23175.00,431.99,432.04,5.50,6.00,0.50,0.40,1.20
7731.50,23176.00,431.95,432.00,5.00,5.00,0.50,0.40,1.20
7751.00,23178.00,431.94,431.99,5.00,5.00,0.50,0.40,1.20
7734.50,23178.00,431.96,432.00,5.00,5.00,0.50,0.40,1.20
7726.00,23075.00,431.98,432.01,5.00,5.00,0.50,0.40,1.20
7767.50,23190.00,431.99,432.02,5.00,5.00,0.50,0.40,1.20
7755.00,23183.00,431.92,432.00,5.00,5.00,0.50,0.40,1.20
7773.00,23190.00,431.96,432.00,5.00,5.00,0.50,0.40,1.20
7732.50,23169.00,431.98,432.00,5.00,5.00,0.50,0.40,1.20
8511.50,25435.00,431.95,432.00,5.00,5.00,0.50,0.40,1.20
7728.00,23153.00,431.94,432.00,5.00,5.00,0.50,0.40,1.20
7754.00,23191.00,431.97,431.99,5.00,5.00,0.50,0.40,1.20
7781.00,23182.00,431.95,431.97,5.00,5.00,0.50,0.40,1.20
7735.50,23178.00,431.94,432.01,5.00,5.00,0.50,0.40,1.20
7752.50,23152.00,431.97,432.01,5.00,5.00,0.50,0.40,1.20
7745.50,23164.00,431.95,432.01,5.00,5.00,0.50,0.40,1.20
7729.50,23165.00,431.93,431.99,5.00,5.00,0.50,0.40,1.20
7743.00,23166.00,431.96,431.98,5.00,5.00,0.50,0.40,1.20
7758.00,23165.00,431.98,432.01,5.50,6.00,0.50,0.40,1.20
7758.50,23172.00,431.95,431.99,5.50,6.00,0.50,0.40,1.20
7766.00,23203.00,432.00,432.02,5.00,5.00,0.50,0.40,1.20
8540.00,25505.00,431.96,432.00,5.00,5.00,0.50,0.40,1.20
7731.50,23157.00,431.98,432.00,5.00,5.00,0.50,0.40,1.20
7742.50,23165.00,431.98,431.99,5.00,5.00,0.50,0.40,1.20
7737.50,23177.00,431.99,432.02,5.00,5.00,0.50,0.40,1.20
7749.00,23173.00,431.96,432.04,5.00,5.00,0.50,0.40,1.20
7733.00,23175.00,431.94,431.97,5.00,5.00,0.50,0.40,1.20
7753.50,23185.00,431.93,432.00,5.00,5.00,0.50,0.40,1.20
7739.50,23170.00,431.99,432.01,5.00,5.00,0.50,0.40,1.20
7724.50,23128.00,431.97,431.99,5.00,5.00,0.50,0.40,1.20
7742.00,23164.00,431.94,432.01,5.00,5.00,0.50,0.40,1.20
7762.50,23170.00,431.96,431.98,5.00,5.00,0.50,0.40,1.20
8485.00,25430.00,431.98,431.99,5.00,5.00,0.50,0.40,1.20
7726.00,23161.00,431.98,431.99,5.00,5.00,0.50,0.40,1.20
7743.00,23164.00,432.00,432.01,5.00,5.00,0.50,0.40,1.20
7748.00,23184.00,431.98,432.01,5.00,5.00,0.50,0.40,1.20
7727.00,23176.00,431.97,432.01,5.00,5.00,0.50,0.40,1.20
7741.50,23177.00,431.97,432.01,5.00,5.00,0.50,0.40,1.20
7764.50,23184.00,431.96,431.98,6.00,6.00,0.50,0.40,1.20
7729.00,23164.00,432.00,432.03,5.00,6.00,0.50,0.40,1.20
7750.50,23181.00,431.99,432.01,5.00,5.00,0.50,0.40,1.20
7737.50,23163.00,431.98,431.99,5.00,5.00,0.50,0.40,1.20
7743.50,23158.00,431.99,432.00,5.00,5.00,0.50,0.40,1.20
7733.00,23190.00,431.99,432.03,5.00,5.00,0.50,0.40,1.20
8507.50,25441.00,431.93,431.98,5.00,5.00,0.50,0.40,1.20
7751.50,23178.00,431.92,431.96,5.00,5.00,0.50,0.40,1.20
7770.00,23192.00,431.95,432.03,5.00,5.00,0.50,0.40,1.20
7762.50,23181.00,431.95,431.99,5.00,5.00,0.50,0.40,1.20
7756.50,23170.00,431.96,431.98,5.00,5.00,0.50,0.40,1.20
7746.00,23199.00,431.96,431.97,5.00,5.00,0.50,0.40,1.20
7745.00,23190.00,432.00,432.04,5.00,5.00,0.50,0.40,1.20
7733.50,23163.00,431.99,432.04,5.00,5.00,0.50,0.40,1.20
7740.50,23162.00,431.95,432.01,5.00,5.00,0.50,0.40,1.20
7748.00,23176.00,431.92,432.00,5.00,5.00,0.50,0.40,1.20
7737.50,23183.00,431.98,432.01,5.00,5.00,0.50,0.40,1.20
8479.50,25419.00,431.98,432.00,5.00,5.00,0.50,0.40,1.20
7751.50,23164.00,431.95,432.04,5.00,5.00,0.50,0.40,1.20
7739.50,23159.00,431.98,432.01,6.00,6.00,0.50,0.40,1.20
7713.50,23059.00,431.94,431.98,5.00,6.00,0.50,0.40,1.20
7739.00,23187.00,431.98,432.02,5.00,5.00,0.50,0.40,1.20
7752.50,23195.00,431.93,431.99,5.00,5.00,0.50,0.40,1.20
7735.00,23187.00,431.96,432.01,5.00,5.00,0.50,0.40,1.20
7751.50,23192.00,431.95,432.01,5.00,5.00,0.50,0.40,1.20
7750.50,23188.00,431.97,432.03,5.00,5.00,0.50,0.40,1.20
7697.00,23078.00,431.95,431.98,5.00,5.00,0.50,0.40,1.20
7747.00,23141.00,431.94,432.00,5.00,5.00,0.50,0.40,1.20
8540.00,25453.00,431.98,432.04,5.00,5.00,0.50,0.40,1.20
7743.00,23177.00,431.99,432.01,5.00,5.00,0.50,0.40,1.20
7734.50,23160.00,431.96,431.99,5.00,5.00,0.50,0.40,1.20
7732.00,23152.00,431.95,431.97,5.00,5.00,0.50,0.40,1.20
7739.00,23184.00,431.98,431.99,5.00,5.00,0.50,0.40,1.20
7742.50,23170.00,431.97,431.98,5.00,5.00,0.50,0.40,1.20
7747.50,23156.00,431.96,431.99,5.00,5.00,0.50,0.40,1.20
7743.50,23172.00,431.99,432.02,5.00,5.00,0.50,0.40,1.20
7750.00,23167.00,431.94,431.99,5.00,5.00,0.50,0.40,1.20
7746.00,23195.00,432.00,432.02,5.00,5.00,0.50,0.40,1.20
7738.00,23181.00,431.96,431.99,5.50,6.00,0.50,0.40,1.20
8509.00,25489.00,431.97,431.99,5.50,6.00,0.50,0.40,1.20
7732.00,23154.00,431.98,432.01,5.00,5.00,0.50,0.40,1.20
7737.50,23177.00,431.97,432.02,5.00,5.00,0.50,0.40,1.20
7745.50,23181.00,431.96,431.99,5.00,5.00,0.50,0.40,1.20
7733.00,23173.00,431.96,432.02,5.00,5.00,0.50,0.40,1.20
7729.00,23164.00,431.96,431.98,5.00,5.00,0.50,0.40,1.20
7744.50,23177.00,431.96,432.03,5.00,5.00,0.50,0.40,1.20
7769.50,23194.00,431.97,431.99,5.00,5.00,0.50,0.40,1.20
7697.00,23029.00,431.96,431.98,5.00,5.00,0.50,0.40,1.20
7749.00,23183.00,432.00,432.01,5.00,5.00,0.50,0.40,1.20
7789.50,23179.00,431.99,432.00,5.00,5.00,0.50,0.40,1.20
7735.00,23156.00,431.95,431.98,5.00,5.00,0.50,0.40,1.20
8530.00,25506.00,431.96,432.02,5.00,5.00,0.50,0.40,1.20
7748.50,23190.00,431.96,432.00,5.00,5.00,0.50,0.40,1.20
7771.00,23188.00,431.96,431.99,5.00,5.00,0.50,0.40,1.20
7735.00,23159.00,431.93,431.97,5.00,5.00,0.50,0.40,1.20
7755.50,23164.00,431.97,432.01,5.00,5.00,0.50,0.40,1.20
7747.00,23175.00,431.97,432.03,5.00,5.00,0.50,0.40,1.20
7750.50,23174.00,431.95,432.03,5.50,6.00,0.50,0.40,1.20
7739.50,23179.00,431.95,431.99,5.50,6.00,0.50,0.40,1.20
7765.00,23180.00,431.96,431.97,5.00,5.00,0.50,0.40,1.20
7744.00,23189.00,431.97,432.01,5.00,5.00,0.50,0.40,1.20
7772.50,23184.00,431.99,432.03,5.00,5.00,0.50,0.40,1.20
8522.50,25501.00,431.95,431.98,5.00,5.00,0.50,0.40,1.20
7756.50,23169.00,431.92,432.00,5.00,5.00,0.50,0.40,1.20
7754.00,23194.00,431.97,431.98,5.00,5.00,0.50,0.40,1.20
7747.50,23191.00,431.95,431.98,5.00,5.00,0.50,0.40,1.20
7744.00,23185.00,432.00,432.02,5.00,5.00,0.50,0.40,1.20
7728.00,23133.00,431.97,432.04,5.00,5.00,0.50,0.40,1.20
7739.00,23179.00,431.93,431.99,5.00,5.00,0.50,0.40,1.20
7744.50,23163.00,431.92,431.98,5.00,5.00,0.50,0.40,1.20
7758.00,23185.00,431.94,432.00,5.00,5.00,0.50,0.40,1.20
7745.50,23175.00,431.97,432.01,5.00,5.00,0.50,0.40,1.20
7750.00,23183.00,431.97,432.00,5.00,5.00,0.50,0.40,1.20
8516.00,25507.00,431.96,432.00,5.00,5.00,0.50,0.40,1.20
7741.00,23168.00,431.98,431.99,5.00,5.00,0.50,0.40,1.20
7727.00,23158.00,431.98,432.01,5.00,5.00,0.50,0.40,1.20
7750.50,23170.00,431.95,432.03,5.50,6.00,0.50,0.40,1.20
7738.00,23171.00,431.96,432.01,5.50,6.00,0.50,0.40,1.20
7730.00,23185.00,432.01,432.03,5.00,5.00,0.50,0.40,1.20
7767.00,23179.00,431.98,432.03,5.00,5.00,0.50,0.40,1.20
7733.00,23138.00,431.96,432.01,5.00,5.00,0.50,0.40,1.20
7727.00,23163.00,431.99,432.00,5.00,5.00,0.50,0.40,1.20
7738.00,23180.00,431.96,432.01,5.00,5.00,0.50,0.40,1.20
7686.50,23033.00,431.95,431.99,5.00,5.00,0.50,0.40,1.20
8473.00,25353.00,431.99,432.00,5.00,5.00,0.50,0.40,1.20
7737.50,23174.00,431.96,431.99,5.00,5.00,0.50,0.40,1.20
7735.50,23178.00,431.99,432.00,5.00,5.00,0.50,0.40,1.20
7734.50,23177.00,431.96,431.98,5.00,5.00,0.50,0.40,1.20
7741.50,23174.00,431.95,432.02,5.00,5.00,0.50,0.40,1.20
7743.00,23168.00,432.00,432.01,5.00,5.00,0.50,0.40,1.20
7737.50,23163.00,431.98,431.99,5.00,5.00,0.50,0.40,1.20
7747.50,23182.00,431.99,432.02,5.00,5.00,0.50,0.40,1.20
7731.50,23185.00,431.95,432.00,5.00,5.00,0.50,0.40,1.20
7736.50,23169.00,431.98,432.00,5.00,5.00,0.50,0.40,1.20
7746.50,23166.00,431.96,431.99,5.00,5.00,0.50,0.40,1.20
8520.50,25470.00,431.97,432.00,6.00,6.00,0.50,0.40,1.20
7723.00,23150.00,431.94,432.04,5.00,5.00,0.50,0.40,1.20
7761.00,23182.00,431.96,431.98,5.00,5.00,0.50,0.40,1.20
7752.50,23170.00,431.98,432.01,5.00,5.00,0.50,0.40,1.20
7745.00,23173.00,431.96,432.01,5.00,5.00,0.50,0.40,1.20
7748.00,23179.00,431.93,431.99,5.00,5.00,0.50,0.40,1.20
7730.00,23165.00,431.95,431.99,5.00,5.00,0.50,0.40,1.20
7735.50,23157.00,431.96,431.99,5.00,5.00,0.50,0.40,1.20
7730.00,23167.00,432.00,432.00,5.00,5.00,0.50,0.40,1.20
7756.50,23167.00,431.98,431.99,5.00,5.00,0.50,0.40,1.20
8507.00,25465.00,432.01,432.02,5.00,5.00,0.50,0.40,1.20
7769.50,23182.00,431.96,432.01,5.00,5.00,0.50,0.40,1.20
7743.00,23159.00,431.95,431.97,5.00,5.00,0.50,0.40,1.20
7770.50,23184.00,431.95,431.98,5.00,5.00,0.50,0.40,1.20
7756.50,23174.00,431.99,432.01,5.00,5.00,0.50,0.40,1.20
7747.00,23166.00,431.96,432.00,5.00,5.00,0.50,0.40,1.20
7750.00,23150.00,431.94,431.97,5.00,5.00,0.50,0.40,1.20
7764.50,23184.00,431.96,432.00,6.00,6.00,0.50,0.40,1.20
7736.50,23161.00,431.97,431.99,5.00,6.00,0.50,0.40,1.20
7738.50,23169.00,431.99,432.03,5.00,5.00,0.50,0.40,1.20
8501.50,25476.00,431.95,431.98,5.00,5.00,0.50,0.40,1.20
7741.00,23156.00,431.93,431.98,5.00,5.00,0.50,0.40,1.20
7713.50,23139.00,431.99,432.00,5.00,5.00,0.50,0.40,1.20
7780.50,23163.00,431.98,431.99,5.00,5.00,0.50,0.40,1.20
7733.00,23170.00,431.97,431.98,5.00,5.00,0.50,0.40,1.20
7774.50,23183.00,431.99,432.00,5.00,5.00,0.50,0.40,1.20
7762.50,23175.00,431.94,432.00,5.00,5.00,0.50,0.40,1.20
7750.00,23161.00,431.95,431.98,5.00,5.00,0.50,0.40,1.20
7736.50,23177.00,431.99,432.01,5.00,5.00,0.50,0.40,1.20
7733.00,23186.00,432.01,432.03,5.00,5.00,0.50,0.40,1.20
8518.50,25489.00,431.98,432.04,5.00,5.00,0.50,0.40,1.20
7728.00,23168.00,432.00,432.02,5.00,5.00,0.50,0.40,1.20
7726.50,23170.00,431.97,431.99,5.00,5.00,0.50,0.40,1.20
7753.00,23165.00,431.97,431.99,5.00,5.00,0.50,0.40,1.20
7747.50,23166.00,431.95,431.97,6.00,6.00,0.50,0.40,1.20
7740.00,23191.00,431.95,432.03,5.00,5.00,0.50,0.40,1.20
7740.50,23163.00,431.95,431.99,5.00,5.00,0.50,0.40,1.20
7726.00,23164.00,431.98,432.00,5.00,5.00,0.50,0.40,1.20
7762.00,23186.00,431.98,432.03,5.00,5.00,0.50,0.40,1.20
7737.00,23172.00,431.99,431.99,5.00,5.00,0.50,0.40,1.20
8532.00,25479.00,431.96,432.00,5.00,5.00,0.50,0.40,1.20
7744.00,23174.00,431.97,431.99,5.00,5.00,0.50,0.40,1.20
7748.50,23182.00,431.95,431.99,5.00,5.00,0.50,0.40,1.20
7748.50,23188.00,431.99,431.99,5.00,5.00,0.50,0.40,1.20
7755.00,23183.00,431.91,432.00,5.00,5.00,0.50,0.40,1.20
7727.00,23170.00,431.97,432.02,5.00,5.00,0.50,0.40,1.20
7744.00,23166.00,431.96,431.98,5.00,5.00,0.50,0.40,1.20
7734.50,23180.00,431.96,432.01,5.00,5.00,0.50,0.40,1.20
7745.50,23152.00,431.97,432.01,5.00,5.00,0.50,0.40,1.20
8511.00,25491.00,431.98,432.00,5.00,5.00,0.50,0.40,1.20
7732.00,23183.00,432.01,432.03,5.00,5.00,0.50,0.40,1.20
7746.50,23144.00,431.97,431.99,6.00,6.00,0.50,0.40,1.20
7744.00,23178.00,431.97,432.01,5.00,5.00,0.50,0.40,1.20
7761.50,23180.00,431.94,431.97,5.00,5.00,0.50,0.40,1.20
7762.50,23176.00,431.99,432.03,5.00,5.00,0.50,0.40,1.20
7740.50,23170.00,431.95,431.98,5.00,5.00,0.50,0.40,1.20
7740.50,23176.00,431.95,432.00,5.00,5.00,0.50,0.40,1.20
7755.50,23191.00,431.98,432.01,5.00,5.00,0.50,0.40,1.20
7747.00,23178.00,431.99,432.00,5.00,5.00,0.50,0.40,1.20
8501.50,25489.00,431.97,432.02,5.00,5.00,0.50,0.40,1.20
7767.00,23188.00,431.99,432.01,5.00,5.00,0.50,0.40,1.20
7727.50,23175.00,431.97,431.99,5.00,5.00,0.50,0.40,1.20
7734.00,23171.00,431.99,432.01,5.00,5.00,0.50,0.40,1.20
7754.00,23135.00,431.97,431.99,5.00,5.00,0.50,0.40,1.20
7745.50,23180.00,431.99,432.01,5.00,5.00,0.50,0.40,1.20
7720.00,23130.00,431.97,431.99,5.00,5.00,0.50,0.40,1.20
7741.00,23163.00,431.92,431.98,5.00,5.00,0.50,0.40,1.20
7737.00,23186.00,431.97,432.00,5.00,6.00,0.50,0.40,1.20
7725.50,23147.00,431.97,431.98,6.00,6.00,0.50,0.40,1.20
8503.00,25481.00,431.94,432.01,5.00,5.00,0.50,0.40,1.20
7737.00,23181.00,431.99,432.00,5.00,5.00,0.50,0.40,1.20
7735.50,23182.00,431.97,431.99,5.00,5.00,0.50,0.40,1.20
7735.50,23160.00,431.97,431.99,5.00,5.00,0.50,0.40,1.20
7756.00,23187.00,431.96,432.01,5.00,5.00,0.50,0.40,1.20
7761.50,23171.00,431.96,431.97,5.00,5.00,0.50,0.40,1.20
7749.00,23139.00,431.93,432.00,5.00,5.00,0.50,0.40,1.20
7734.00,23172.00,431.99,432.00,5.00,5.00,0.50,0.40,1.20
7781.50,23173.00,431.99,432.05,5.00,5.00,0.50,0.40,1.20
7727.00,23152.00,431.99,432.01,5.00,5.00,0.50,0.40,1.20
8516.00,25462.00,431.99,432.00,5.00,5.00,0.50,0.40,1.20
7728.50,23154.00,431.92,431.98,5.00,5.00,0.50,0.40,1.20
7706.00,23064.00,431.96,431.99,5.00,5.00,0.50,0.40,1.20
7726.50,23172.00,431.97,431.99,5.00,5.00,0.50,0.40,1.20
7751.00,23176.00,431.98,432.03,5.00,5.00,0.50,0.40,1.20
7764.00,23168.00,431.99,432.01,6.00,6.00,0.50,0.40,1.20
7724.00,23162.00,431.97,432.00,5.00,6.00,0.50,0.40,1.20
7731.50,23171.00,431.95,432.00,5.00,5.00,0.50,0.40,1.20
7733.50,23159.00,432.01,432.02,5.00,5.00,0.50,0.40,1.20
8512.00,25486.00,431.98,432.00,5.00,5.00,0.50,0.40,1.20
7741.50,23161.00,431.97,432.00,5.00,5.00,0.50,0.40,1.20
4211.00,12596.00,431.94,432.03,5.00,5.00,0.50,0.40,1.20
