1254.50,1328.00,432.07,432.23,7.00,7.00,0.00,0.80,1.00
1847.50,1906.00,431.81,432.05,6.00,6.00,0.00,0.80,1.00
1854.50,2038.00,431.78,432.17,6.00,6.00,0.00,0.80,1.00
1860.00,1993.00,431.79,432.01,7.00,7.00,0.00,0.80,1.00
1718.00,1728.00,431.90,432.09,6.00,6.00,0.00,0.80,1.00
1925.00,1954.00,431.82,431.93,7.00,7.00,0.00,0.80,1.00
1852.00,1936.00,431.81,431.88,6.00,6.00,0.00,0.80,1.00
1860.00,1911.00,431.96,432.05,6.00,7.00,0.00,0.80,1.00
1894.50,1947.00,431.77,431.97,7.00,7.00,0.00,0.80,1.00
2034.50,2086.00,431.96,432.10,7.00,7.00,0.00,0.80,1.00
1900.50,1999.00,431.81,432.07,6.50,7.00,0.00,0.80,1.00
1923.00,2030.00,431.88,432.00,6.50,7.00,0.00,0.80,1.00
1901.00,1985.00,431.78,432.02,7.00,7.00,0.00,0.80,1.00
1802.00,1893.00,431.70,431.81,7.00,7.00,0.00,0.80,1.00
1907.00,2028.00,431.83,431.95,6.00,7.00,0.00,0.80,1.00
1976.50,2117.00,432.03,432.08,7.00,7.00,0.00,0.80,1.00
1845.00,2032.00,431.82,432.09,7.00,7.00,0.00,0.80,1.00
2068.00,2120.00,431.97,432.08,6.00,7.00,0.00,0.80,1.00
1902.00,1952.00,431.89,432.05,7.00,7.00,0.00,0.80,1.00
1886.50,1893.00,431.78,432.06,7.00,7.00,0.00,0.80,1.00
1805.00,1884.00,431.75,432.01,6.00,6.00,0.00,0.80,1.00
1855.50,1875.00,431.95,432.01,7.00,7.00,0.00,0.80,1.00
1906.50,1936.00,431.92,432.00,6.00,6.00,0.00,0.80,1.00
1754.00,1873.00,431.87,431.93,6.00,6.00,0.00,0.80,1.00
1877.50,1925.00,431.92,431.99,7.00,7.00,0.00,0.80,1.00
1842.00,1937.00,431.71,432.11,6.00,6.00,0.00,0.80,1.00
1713.50,1761.00,431.60,431.75,6.00,6.00,0.00,0.80,1.00
1916.50,2017.00,431.88,432.02,7.00,7.00,0.00,0.80,1.00
1994.50,2044.00,431.93,432.01,6.00,7.00,0.00,0.80,1.00
1725.50,1807.00,431.76,431.83,7.00,7.00,0.00,0.80,1.00
1899.00,1965.00,431.73,432.06,6.00,6.00,0.00,0.80,1.00
1836.50,1885.00,431.90,431.99,7.00,7.00,0.00,0.80,1.00
1860.00,1974.00,431.81,432.12,6.00,6.00,0.00,0.80,1.00
1855.50,1986.00,431.96,432.02,7.00,7.00,0.00,0.80,1.00
1858.50,1865.00,431.60,432.10,6.00,6.00,0.00,0.80,1.00
1849.50,1871.00,431.89,431.99,7.00,7.00,0.00,0.80,1.00
1867.00,1965.00,431.71,431.82,6.00,6.00,0.00,0.80,1.00
1798.00,1857.00,431.89,432.08,7.00,7.00,0.00,0.80,1.00
1807.50,1936.00,431.91,432.17,6.00,6.00,0.00,0.80,1.00
1863.50,1875.00,431.78,432.00,6.50,7.00,0.00,0.80,1.00
1710.50,1728.00,431.72,431.76,6.50,7.00,0.00,0.80,1.00
1884.00,1940.00,431.99,432.09,6.00,6.00,0.00,0.80,1.00
1839.00,1951.00,431.83,432.09,7.00,7.00,0.00,0.80,1.00
1858.50,1943.00,431.86,432.08,6.00,6.00,0.00,0.80,1.00
1974.50,1996.00,431.85,431.90,7.00,7.00,0.00,0.80,1.00
2041.50,2142.00,431.81,431.93,7.00,7.00,0.00,0.80,1.00
1857.50,1961.00,431.81,431.94,7.00,7.00,0.00,0.80,1.00
1834.00,1882.00,432.02,432.18,6.00,6.00,0.00,0.80,1.00
1850.50,1861.00,431.78,432.00,7.00,7.00,0.00,0.80,1.00
1922.50,1965.00,431.96,432.11,6.00,6.00,0.00,0.80,1.00
2030.00,2091.00,431.93,432.02,7.00,7.00,0.00,0.80,1.00
1783.00,1874.00,431.79,431.98,7.00,7.00,0.00,0.80,1.00
2081.50,2133.00,431.87,431.98,7.00,7.00,0.00,0.80,1.00
1885.00,2033.00,431.83,431.87,6.00,6.00,0.00,0.80,1.00
1875.00,1920.00,431.84,431.93,7.00,7.00,0.00,0.80,1.00
1870.50,2006.00,431.75,431.81,6.00,6.00,0.00,0.80,1.00
1876.00,1900.00,431.85,432.11,7.00,7.00,0.00,0.80,1.00
1891.50,1903.00,431.88,432.05,6.00,6.00,0.00,0.80,1.00
1847.00,1972.00,431.52,432.07,7.00,7.00,0.00,0.80,1.00
1859.50,1960.00,431.63,431.68,6.00,7.00,0.00,0.80,1.00
1855.00,1943.00,431.80,431.84,7.00,7.00,0.00,0.80,1.00
1874.50,1984.00,431.85,431.96,7.00,7.00,0.00,0.80,1.00
1824.50,1917.00,431.97,432.15,6.00,6.00,0.00,0.80,1.00
1926.00,1995.00,431.78,432.08,6.50,7.00,0.00,0.80,1.00
1888.00,1925.00,431.81,432.05,6.50,7.00,0.00,0.80,1.00
1875.50,1902.00,432.14,432.18,6.00,7.00,0.00,0.80,1.00
1907.00,1965.00,431.98,432.13,7.00,7.00,0.00,0.80,1.00
1855.50,1986.00,431.70,432.02,7.00,7.00,0.00,0.80,1.00
1843.50,1927.00,431.76,431.81,6.00,7.00,0.00,0.80,1.00
1870.00,1904.00,431.71,432.03,7.00,7.00,0.00,0.80,1.00
1873.00,1981.00,431.93,432.10,6.00,6.00,0.00,0.80,1.00
2034.50,2140.00,431.92,432.07,7.00,7.00,0.00,0.80,1.00
1883.00,1942.00,431.83,432.04,6.00,6.00,0.00,0.80,1.00
1874.50,1989.00,431.72,431.88,7.00,7.00,0.00,0.80,1.00
1864.50,1914.00,431.92,432.08,6.00,7.00,0.00,0.80,1.00
1881.50,1905.00,431.84,432.02,7.00,7.00,0.00,0.80,1.00
1883.00,1953.00,431.81,432.07,6.00,7.00,0.00,0.80,1.00
1893.00,1914.00,431.85,431.94,7.00,7.00,0.00,0.80,1.00
1874.50,1907.00,431.85,432.05,6.00,6.00,0.00,0.80,1.00
1874.00,1947.00,431.87,431.95,7.00,7.00,0.00,0.80,1.00
1994.50,2072.00,431.69,431.95,7.00,7.00,0.00,0.80,1.00
1816.50,2026.00,431.93,432.06,6.00,6.00,0.00,0.80,1.00
1846.50,1862.00,431.64,431.79,7.00,7.00,0.00,0.80,1.00
1885.00,1987.00,431.85,431.95,6.00,6.00,0.00,0.80,1.00
1794.00,1952.00,431.67,431.97,7.00,7.00,0.00,0.80,1.00
1856.00,1967.00,431.84,432.13,6.50,7.00,0.00,0.80,1.00
1890.50,1895.00,431.73,432.05,6.50,7.00,0.00,0.80,1.00
1892.50,1905.00,431.87,432.02,7.00,7.00,0.00,0.80,1.00
1899.50,1918.00,431.77,432.13,6.00,6.00,0.00,0.80,1.00
1877.50,1913.00,431.87,432.00,6.00,7.00,0.00,0.80,1.00
1901.50,1934.00,431.76,431.99,7.00,7.00,0.00,0.80,1.00
1868.50,1930.00,431.85,432.02,6.00,6.00,0.00,0.80,1.00
1872.50,1908.00,431.80,431.90,7.00,7.00,0.00,0.80,1.00
1866.00,1906.00,431.94,432.00,6.00,7.00,0.00,0.80,1.00
1901.00,1962.00,431.69,432.09,7.00,7.00,0.00,0.80,1.00
1918.50,1932.00,431.68,432.08,7.00,7.00,0.00,0.80,1.00
1862.00,1941.00,431.90,432.07,6.00,7.00,0.00,0.80,1.00
1864.50,1893.00,432.03,432.13,6.00,7.00,0.00,0.80,1.00
1893.00,1915.00,431.73,432.13,7.00,7.00,0.00,0.80,1.00
1897.50,1948.00,431.88,431.89,7.00,7.00,0.00,0.80,1.00
1892.50,1933.00,431.87,431.97,6.00,7.00,0.00,0.80,1.00
1847.00,1888.00,431.76,431.78,7.00,7.00,0.00,0.80,1.00
1857.50,2051.00,431.89,432.17,6.00,6.00,0.00,0.80,1.00
1863.00,1902.00,431.81,431.99,7.00,7.00,0.00,0.80,1.00
1883.00,1926.00,431.76,431.98,6.00,6.00,0.00,0.80,1.00
1870.00,1993.00,431.80,432.01,7.00,7.00,0.00,0.80,1.00
1896.50,2007.00,431.92,431.99,6.00,6.00,0.00,0.80,1.00
1899.50,2009.00,431.87,432.15,7.00,7.00,0.00,0.80,1.00
1903.00,2063.00,431.88,431.92,6.00,6.00,0.00,0.80,1.00
1907.50,1953.00,431.61,431.85,7.00,7.00,0.00,0.80,1.00
1920.00,1978.00,431.76,431.77,6.00,6.00,0.00,0.80,1.00
1902.00,1960.00,431.64,431.78,7.00,7.00,0.00,0.80,1.00
1886.50,1917.00,431.79,431.92,6.00,6.00,0.00,0.80,1.00
1883.50,1936.00,431.80,432.14,7.00,7.00,0.00,0.80,1.00
1903.00,1908.00,431.84,432.09,6.00,6.00,0.00,0.80,1.00
1876.00,1902.00,431.77,431.96,7.00,7.00,0.00,0.80,1.00
1901.00,1966.00,431.84,431.92,6.00,6.00,0.00,0.80,1.00
1823.50,1882.00,431.96,432.00,7.00,7.00,0.00,0.80,1.00
1871.00,1876.00,431.84,432.00,6.00,6.00,0.00,0.80,1.00
1875.50,1915.00,431.69,431.85,7.00,7.00,0.00,0.80,1.00
1831.50,1877.00,432.06,432.12,6.00,6.00,0.00,0.80,1.00
1832.00,1857.00,431.75,431.92,7.00,7.00,0.00,0.80,1.00
1870.50,1917.00,431.84,431.92,6.00,6.00,0.00,0.80,1.00
1815.00,1897.00,431.86,431.99,7.00,7.00,0.00,0.80,1.00
1865.50,1898.00,431.79,432.03,6.00,6.00,0.00,0.80,1.00
1895.50,1924.00,432.02,432.11,7.00,7.00,0.00,0.80,1.00
1898.00,1950.00,431.75,431.84,6.00,6.00,0.00,0.80,1.00
1875.00,1900.00,431.82,432.03,7.00,7.00,0.00,0.80,1.00
1869.50,1890.00,431.73,431.77,6.00,6.00,0.00,0.80,1.00
1836.00,1956.00,431.92,432.00,7.00,7.00,0.00,0.80,1.00
1868.00,1919.00,431.97,432.12,6.00,6.00,0.00,0.80,1.00
1881.00,1953.00,431.93,432.16,7.00,7.00,0.00,0.80,1.00
1866.00,2042.00,431.98,432.05,6.00,7.00,0.00,0.80,1.00
1905.00,1969.00,431.81,431.96,7.00,7.00,0.00,0.80,1.00
1846.00,1968.00,431.76,431.91,6.00,7.00,0.00,0.80,1.00
1861.00,1909.00,431.82,432.05,7.00,7.00,0.00,0.80,1.00
2015.50,2030.00,431.76,432.02,7.00,7.00,0.00,0.80,1.00
1870.50,1953.00,431.79,432.04,6.00,6.00,0.00,0.80,1.00
1911.50,1936.00,431.85,431.98,7.00,7.00,0.00,0.80,1.00
1846.50,2172.00,431.90,432.04,7.00,7.00,0.00,0.80,1.00
1940.50,2054.00,431.76,432.04,6.00,6.00,0.00,0.80,1.00
1857.50,1876.00,431.79,432.09,7.00,7.00,0.00,0.80,1.00
1913.00,1934.00,431.85,432.13,7.00,7.00,0.00,0.80,1.00
2012.00,2047.00,431.82,432.02,6.00,6.00,0.00,0.80,1.00
1856.50,1907.00,431.73,431.86,7.00,7.00,0.00,0.80,1.00
1871.50,1939.00,431.93,432.05,6.00,6.00,0.00,0.80,1.00
1881.50,1987.00,431.80,431.88,7.00,7.00,0.00,0.80,1.00
1899.00,1946.00,431.73,431.81,6.00,6.00,0.00,0.80,1.00
1852.50,1923.00,432.06,432.14,7.00,7.00,0.00,0.80,1.00
1883.00,1920.00,431.82,431.90,7.00,7.00,0.00,0.80,1.00
1869.00,1913.00,431.77,431.89,6.00,6.00,0.00,0.80,1.00
2017.00,2061.00,431.89,431.98,7.00,7.00,0.00,0.80,1.00
1822.50,1898.00,431.89,432.03,6.00,6.00,0.00,0.80,1.00
1829.50,1852.00,431.93,432.02,7.00,7.00,0.00,0.80,1.00
1844.00,1911.00,431.82,431.95,6.50,7.00,0.00,0.80,1.00
1867.00,1904.00,431.73,431.89,6.50,7.00,0.00,0.80,1.00
1978.00,2043.00,431.79,431.88,7.00,7.00,0.00,0.80,1.00
1868.50,1900.00,431.59,431.69,6.00,6.00,0.00,0.80,1.00
1884.50,1913.00,431.79,431.92,7.00,7.00,0.00,0.80,1.00
1892.50,1956.00,431.67,431.81,6.00,7.00,0.00,0.80,1.00
1834.00,2039.00,431.84,432.07,7.00,7.00,0.00,0.80,1.00
2017.50,2052.00,431.85,432.02,7.00,7.00,0.00,0.80,1.00
1876.00,1962.00,431.71,431.82,6.00,6.00,0.00,0.80,1.00
1847.50,1930.00,431.73,432.13,7.00,7.00,0.00,0.80,1.00
1843.00,1916.00,432.06,432.15,6.00,7.00,0.00,0.80,1.00
1860.50,1941.00,431.69,431.93,7.00,7.00,0.00,0.80,1.00
1981.00,1997.00,431.81,432.10,7.00,7.00,0.00,0.80,1.00
1877.00,1925.00,431.81,432.08,6.00,7.00,0.00,0.80,1.00
1878.50,1923.00,431.87,432.01,7.00,7.00,0.00,0.80,1.00
1852.00,1925.00,431.88,432.11,7.00,7.00,0.00,0.80,1.00
1858.00,1888.00,431.81,431.99,6.00,6.00,0.00,0.80,1.00
1806.50,1899.00,431.88,432.00,7.00,7.00,0.00,0.80,1.00
2041.50,2078.00,431.98,432.05,6.00,6.00,0.00,0.80,1.00
1837.00,1901.00,431.95,432.01,7.00,7.00,0.00,0.80,1.00
1848.00,1893.00,431.74,431.88,7.00,7.00,0.00,0.80,1.00
1886.00,1932.00,431.63,432.16,6.00,6.00,0.00,0.80,1.00
2054.50,2080.00,431.76,431.91,7.00,7.00,0.00,0.80,1.00
1844.50,1892.00,431.71,432.00,6.00,6.00,0.00,0.80,1.00
1862.50,2032.00,431.95,432.09,7.00,7.00,0.00,0.80,1.00
1865.50,1921.00,431.95,432.07,6.00,6.00,0.00,0.80,1.00
1892.00,1924.00,431.87,432.07,7.00,7.00,0.00,0.80,1.00
1898.50,1961.00,431.87,432.02,6.50,7.00,0.00,0.80,1.00
1881.00,1899.00,431.82,432.07,6.50,7.00,0.00,0.80,1.00
1896.00,1974.00,432.04,432.13,7.00,7.00,0.00,0.80,1.00
1997.50,2036.00,431.79,431.96,6.50,7.00,0.00,0.80,1.00
1865.00,1972.00,431.92,432.06,6.50,7.00,0.00,0.80,1.00
1846.50,1878.00,431.68,431.84,7.00,7.00,0.00,0.80,1.00
1851.00,1872.00,431.82,432.11,6.00,6.00,0.00,0.80,1.00
2078.50,2084.00,431.80,431.86,7.00,7.00,0.00,0.80,1.00
1937.00,1955.00,431.82,431.90,7.00,7.00,0.00,0.80,1.00
1898.00,1945.00,431.79,431.90,6.00,6.00,0.00,0.80,1.00
1837.00,1883.00,431.86,432.07,7.00,7.00,0.00,0.80,1.00
1869.50,1927.00,431.72,431.76,6.00,6.00,0.00,0.80,1.00
1878.00,1941.00,431.84,432.07,7.00,7.00,0.00,0.80,1.00
1944.00,2085.00,431.84,432.09,6.00,6.00,0.00,0.80,1.00
1856.00,1894.00,431.94,432.00,7.00,7.00,0.00,0.80,1.00
1864.50,1881.00,431.78,431.92,7.00,7.00,0.00,0.80,1.00
1890.00,1900.00,432.00,432.12,6.00,6.00,0.00,0.80,1.00
1882.00,1918.00,431.81,432.05,7.00,7.00,0.00,0.80,1.00
1844.50,1946.00,431.80,431.96,6.00,6.00,0.00,0.80,1.00
1993.50,2047.00,431.76,432.04,7.00,7.00,0.00,0.80,1.00
1852.50,1908.00,431.84,431.88,6.50,7.00,0.00,0.80,1.00
1848.00,1939.00,431.84,432.01,6.50,7.00,0.00,0.80,1.00
1860.00,1895.00,431.68,431.75,7.00,7.00,0.00,0.80,1.00
1861.50,1917.00,431.88,431.98,6.00,6.00,0.00,0.80,1.00
1913.00,1939.00,431.72,431.79,7.00,7.00,0.00,0.80,1.00
1889.50,1897.00,431.70,432.06,6.00,6.00,0.00,0.80,1.00
1877.50,1927.00,431.76,431.84,7.00,7.00,0.00,0.80,1.00
1863.00,1896.00,431.85,431.96,6.00,6.00,0.00,0.80,1.00
2071.50,2100.00,431.81,431.90,7.00,7.00,0.00,0.80,1.00
1831.00,1914.00,431.77,432.08,7.00,7.00,0.00,0.80,1.00
1845.00,1914.00,431.71,431.92,6.00,6.00,0.00,0.80,1.00
1887.00,1936.00,431.75,431.93,7.00,7.00,0.00,0.80,1.00
1858.50,1950.00,431.92,432.09,6.00,6.00,0.00,0.80,1.00
1804.00,1877.00,431.96,432.07,7.00,7.00,0.00,0.80,1.00
1859.00,1956.00,431.94,432.04,6.00,6.00,0.00,0.80,1.00
1849.50,1918.00,431.78,432.04,7.00,7.00,0.00,0.80,1.00
1968.00,2028.00,431.69,431.95,7.00,7.00,0.00,0.80,1.00
1867.00,1942.00,432.01,432.08,6.00,6.00,0.00,0.80,1.00
1841.00,1897.00,431.73,431.97,7.00,7.00,0.00,0.80,1.00
1901.00,1914.00,431.99,432.08,6.00,6.00,0.00,0.80,1.00
1873.50,2029.00,431.69,431.99,7.00,7.00,0.00,0.80,1.00
1863.00,1877.00,431.56,431.83,6.00,7.00,0.00,0.80,1.00
1875.00,1885.00,431.79,431.83,7.00,7.00,0.00,0.80,1.00
1961.50,2041.00,431.74,431.94,7.00,7.00,0.00,0.80,1.00
1861.50,1889.00,431.90,432.06,6.00,6.00,0.00,0.80,1.00
1879.00,1901.00,431.87,431.89,7.00,7.00,0.00,0.80,1.00
1885.50,2035.00,431.92,432.07,6.50,7.00,0.00,0.80,1.00
1910.00,1936.00,431.75,432.13,6.50,7.00,0.00,0.80,1.00
1911.00,1937.00,431.88,431.97,7.00,7.00,0.00,0.80,1.00
1979.00,2124.00,431.78,432.04,6.00,6.00,0.00,0.80,1.00
1868.50,1963.00,431.89,432.01,7.00,7.00,0.00,0.80,1.00
1845.50,1903.00,431.97,432.07,6.00,6.00,0.00,0.80,1.00
1865.50,1902.00,431.80,432.05,7.00,7.00,0.00,0.80,1.00
1908.00,1965.00,431.82,432.03,6.00,6.00,0.00,0.80,1.00
1832.50,1982.00,431.85,431.92,7.00,7.00,0.00,0.80,1.00
1818.00,1948.00,431.96,432.11,6.00,6.00,0.00,0.80,1.00
2008.00,2095.00,431.82,431.98,7.00,7.00,0.00,0.80,1.00
1888.00,1905.00,431.85,432.09,7.00,7.00,0.00,0.80,1.00
1845.00,1935.00,431.88,432.05,6.00,6.00,0.00,0.80,1.00
1855.00,1903.00,431.92,432.01,7.00,7.00,0.00,0.80,1.00
1712.50,1772.00,431.75,431.87,6.00,6.00,0.00,0.80,1.00
2008.00,2124.00,431.67,431.94,7.00,7.00,0.00,0.80,1.00
1889.50,1920.00,431.80,431.89,6.00,6.00,0.00,0.80,1.00
1695.00,1739.00,431.85,431.87,7.00,7.00,0.00,0.80,1.00
1892.50,1988.00,431.74,432.05,6.00,6.00,0.00,0.80,1.00
1835.00,1887.00,431.94,432.18,7.00,7.00,0.00,0.80,1.00
1867.50,1903.00,431.99,432.13,6.00,6.00,0.00,0.80,1.00
1911.50,1970.00,431.90,432.02,6.00,6.00,0.00,0.80,1.00
1866.00,1966.00,431.85,432.01,7.00,7.00,0.00,0.80,1.00
1725.00,1795.00,431.77,432.00,6.00,6.00,0.00,0.80,1.00
1913.50,2054.00,431.95,432.10,7.00,7.00,0.00,0.80,1.00
1892.00,1914.00,431.69,432.14,6.00,6.00,0.00,0.80,1.00
1897.00,1927.00,431.73,431.77,6.00,7.00,0.00,0.80,1.00
1866.00,1895.00,431.79,432.01,7.00,7.00,0.00,0.80,1.00
1725.50,1744.00,431.74,431.88,6.00,6.00,0.00,0.80,1.00
1858.00,1903.00,431.73,431.95,7.00,7.00,0.00,0.80,1.00
1852.50,1908.00,431.84,431.90,6.00,7.00,0.00,0.80,1.00
1734.50,1832.00,431.79,431.99,6.00,6.00,0.00,0.80,1.00
1895.00,1929.00,431.93,431.99,7.00,7.00,0.00,0.80,1.00
1906.50,1939.00,431.94,432.00,6.00,6.00,0.00,0.80,1.00
1901.00,1955.00,431.73,432.00,6.00,6.00,0.00,0.80,1.00
1721.00,1779.00,431.71,431.84,7.00,7.00,0.00,0.80,1.00
1910.50,1953.00,431.84,432.05,6.00,6.00,0.00,0.80,1.00
1848.00,1900.00,432.04,432.16,7.00,7.00,0.00,0.80,1.00
1865.00,1898.00,431.87,432.11,6.00,6.00,0.00,0.80,1.00
1884.50,1945.00,431.87,432.02,7.00,7.00,0.00,0.80,1.00
1866.50,1897.00,431.82,432.04,6.00,6.00,0.00,0.80,1.00
1873.00,1929.00,431.91,432.03,6.00,7.00,0.00,0.80,1.00
1737.00,1773.00,431.91,432.04,7.00,7.00,0.00,0.80,1.00
1855.00,1966.00,431.87,432.17,6.00,6.00,0.00,0.80,1.00
1838.00,1880.00,431.93,432.04,7.00,7.00,0.00,0.80,1.00
1841.50,1921.00,431.97,432.09,6.00,6.00,0.00,0.80,1.00
1871.00,1943.00,431.80,431.91,7.00,7.00,0.00,0.80,1.00
1831.50,1918.00,431.89,432.12,6.00,6.00,0.00,0.80,1.00
1909.50,1993.00,431.79,432.04,7.00,7.00,0.00,0.80,1.00
1856.50,1967.00,432.04,432.13,6.00,6.00,0.00,0.80,1.00
1868.00,1910.00,431.92,431.94,7.00,7.00,0.00,0.80,1.00
1883.00,1936.00,431.78,432.01,6.00,6.00,0.00,0.80,1.00
1869.00,1915.00,431.84,432.02,6.50,7.00,0.00,0.80,1.00
1703.00,1766.00,431.89,432.05,6.50,7.00,0.00,0.80,1.00
1882.00,1929.00,431.92,432.00,6.00,6.00,0.00,0.80,1.00
1898.50,1927.00,431.78,432.05,7.00,7.00,0.00,0.80,1.00
1857.00,1993.00,431.87,432.09,6.00,6.00,0.00,0.80,1.00
1812.00,2065.00,431.96,431.97,7.00,7.00,0.00,0.80,1.00
1930.00,2000.00,431.94,432.02,6.00,6.00,0.00,0.80,1.00
1846.00,1928.00,431.78,432.05,7.00,7.00,0.00,0.80,1.00
1886.00,1934.00,431.87,432.04,6.00,6.00,0.00,0.80,1.00
1914.00,1947.00,431.82,431.95,6.50,7.00,0.00,0.80,1.00
1730.50,1785.00,431.78,431.93,6.50,7.00,0.00,0.80,1.00
1854.50,1879.00,431.92,432.14,6.00,6.00,0.00,0.80,1.00
1883.00,1897.00,431.72,431.82,7.00,7.00,0.00,0.80,1.00
1876.00,1961.00,431.73,431.94,6.00,6.00,0.00,0.80,1.00
1717.00,1784.00,431.64,432.06,6.50,7.00,0.00,0.80,1.00
1869.50,1939.00,431.81,432.02,6.50,7.00,0.00,0.80,1.00
1866.50,1913.00,431.83,432.00,6.00,6.00,0.00,0.80,1.00
1863.50,2016.00,431.71,432.04,7.00,7.00,0.00,0.80,1.00
1843.00,1960.00,431.91,432.14,6.00,6.00,0.00,0.80,1.00
1879.50,1921.00,431.82,432.07,7.00,7.00,0.00,0.80,1.00
1835.50,1903.00,432.04,432.10,6.00,6.00,0.00,0.80,1.00
1732.50,1752.00,431.95,432.16,6.00,7.00,0.00,0.80,1.00
1848.50,1904.00,431.97,432.07,7.00,7.00,0.00,0.80,1.00
1850.50,1897.00,431.81,431.99,6.50,7.00,0.00,0.80,1.00
1911.50,1976.00,431.81,431.88,6.50,7.00,0.00,0.80,1.00
1875.50,1979.00,431.95,432.04,6.00,6.00,0.00,0.80,1.00
1914.50,1980.00,431.87,431.96,7.00,7.00,0.00,0.80,1.00
1881.50,1966.00,431.61,431.84,6.00,6.00,0.00,0.80,1.00
1855.50,1858.00,431.96,432.11,7.00,7.00,0.00,0.80,1.00
1741.50,1764.00,431.81,431.97,6.00,6.00,0.00,0.80,1.00
1830.50,1903.00,431.94,431.95,7.00,7.00,0.00,0.80,1.00
1853.50,1910.00,431.89,431.94,6.00,6.00,0.00,0.80,1.00
1871.50,1936.00,431.80,432.00,6.00,6.00,0.00,0.80,1.00
1914.00,1949.00,431.82,432.02,7.00,7.00,0.00,0.80,1.00
1950.00,1980.00,431.93,432.06,6.00,6.00,0.00,0.80,1.00
1716.50,1752.00,431.68,432.13,6.50,7.00,0.00,0.80,1.00
1849.00,1941.00,431.64,431.74,6.50,7.00,0.00,0.80,1.00
1914.50,1979.00,431.73,432.04,6.00,6.00,0.00,0.80,1.00
1741.50,1788.00,431.83,431.90,7.00,7.00,0.00,0.80,1.00
1842.50,1911.00,431.65,431.92,6.00,6.00,0.00,0.80,1.00
1864.50,1918.00,431.67,431.95,6.50,7.00,0.00,0.80,1.00
1882.00,1930.00,431.84,432.12,6.50,7.00,0.00,0.80,1.00
1854.00,1980.00,431.76,432.00,6.00,6.00,0.00,0.80,1.00
1708.50,1775.00,431.76,432.11,7.00,7.00,0.00,0.80,1.00
1868.00,1960.00,431.75,431.92,6.00,6.00,0.00,0.80,1.00
1781.50,1994.00,431.85,431.97,6.00,6.00,0.00,0.80,1.00
1870.00,1897.00,431.78,432.00,7.00,7.00,0.00,0.80,1.00
1847.00,1967.00,431.79,432.13,6.00,6.00,0.00,0.80,1.00
1843.50,1998.00,431.79,431.93,7.00,7.00,0.00,0.80,1.00
1724.00,1770.00,431.84,432.00,6.00,6.00,0.00,0.80,1.00
1862.50,1915.00,431.86,431.89,6.50,7.00,0.00,0.80,1.00
1863.50,1897.00,431.76,431.90,6.50,7.00,0.00,0.80,1.00
1711.00,1840.00,431.84,432.07,6.00,6.00,0.00,0.80,1.00
1877.00,1907.00,431.85,432.09,7.00,7.00,0.00,0.80,1.00
1879.00,1924.00,431.94,431.99,6.00,6.00,0.00,0.80,1.00
1912.50,1931.00,431.83,432.03,7.00,7.00,0.00,0.80,1.00
1906.50,1934.00,431.72,431.75,6.00,7.00,0.00,0.80,1.00
1857.00,1927.00,431.81,432.14,6.00,6.00,0.00,0.80,1.00
1727.00,1742.00,431.71,431.98,7.00,7.00,0.00,0.80,1.00
1831.00,1997.00,431.79,432.03,6.00,6.00,0.00,0.80,1.00
1884.50,1936.00,431.77,432.17,7.00,7.00,0.00,0.80,1.00
1836.50,1960.00,431.58,432.08,6.00,6.00,0.00,0.80,1.00
1832.00,1938.00,431.95,432.07,7.00,7.00,0.00,0.80,1.00
1807.50,2002.00,431.81,431.86,6.00,6.00,0.00,0.80,1.00
1914.00,1934.00,431.68,432.03,7.00,7.00,0.00,0.80,1.00
1975.50,2047.00,431.79,431.85,6.00,6.00,0.00,0.80,1.00
1735.00,1771.00,431.84,431.96,7.00,7.00,0.00,0.80,1.00
1927.50,1972.00,431.75,432.06,6.00,6.00,0.00,0.80,1.00
1817.00,1861.00,431.84,432.03,7.00,7.00,0.00,0.80,1.00
1841.50,1936.00,431.74,431.82,6.00,6.00,0.00,0.80,1.00
1849.00,1885.00,431.74,432.05,6.00,6.00,0.00,0.80,1.00
1734.50,1811.00,431.93,432.15,7.00,7.00,0.00,0.80,1.00
1862.50,1951.00,431.71,432.05,6.00,6.00,0.00,0.80,1.00
1850.00,1866.00,431.80,432.13,7.00,7.00,0.00,0.80,1.00
1838.00,1909.00,431.72,431.88,6.00,6.00,0.00,0.80,1.00
1863.50,1952.00,431.93,432.03,6.00,6.00,0.00,0.80,1.00
1717.50,1807.00,431.75,431.87,7.00,7.00,0.00,0.80,1.00
1832.00,1917.00,431.86,431.98,6.00,6.00,0.00,0.80,1.00
1869.50,1874.00,431.81,432.09,7.00,7.00,0.00,0.80,1.00
1877.00,2037.00,431.91,432.08,6.00,6.00,0.00,0.80,1.00
1820.50,2065.00,431.81,431.96,6.00,7.00,0.00,0.80,1.00
1838.50,1931.00,431.61,431.90,7.00,7.00,0.00,0.80,1.00
1891.00,1949.00,431.79,432.02,6.50,7.00,0.00,0.80,1.00
1735.50,1740.00,431.86,431.99,6.50,7.00,0.00,0.80,1.00
1861.50,1901.00,431.90,432.10,6.00,6.00,0.00,0.80,1.00
1816.00,1967.00,431.99,432.13,7.00,7.00,0.00,0.80,1.00
1938.00,1968.00,431.75,431.91,6.00,6.00,0.00,0.80,1.00
1851.50,1873.00,431.82,431.93,7.00,7.00,0.00,0.80,1.00
1850.00,1930.00,431.63,431.72,6.00,6.00,0.00,0.80,1.00
1838.00,1983.00,431.68,431.74,7.00,7.00,0.00,0.80,1.00
1878.00,1932.00,431.84,431.95,6.00,6.00,0.00,0.80,1.00
1882.00,1954.00,431.88,432.02,7.00,7.00,0.00,0.80,1.00
1740.50,1823.00,431.67,431.95,6.00,6.00,0.00,0.80,1.00
1854.00,1909.00,431.71,431.89,6.00,6.00,0.00,0.80,1.00
1867.50,1994.00,431.82,431.88,7.00,7.00,0.00,0.80,1.00
1901.00,1903.00,431.84,432.18,6.00,6.00,0.00,0.80,1.00
1874.00,1969.00,431.72,431.97,7.00,7.00,0.00,0.80,1.00
1698.00,1780.00,431.81,432.02,6.00,6.00,0.00,0.80,1.00
1839.50,1917.00,431.92,432.14,6.00,7.00,0.00,0.80,1.00
1870.50,1951.00,431.91,432.07,7.00,7.00,0.00,0.80,1.00
1870.00,1893.00,432.00,432.13,6.00,6.00,0.00,0.80,1.00
1875.00,1880.00,431.91,432.10,7.00,7.00,0.00,0.80,1.00
1747.50,1767.00,431.93,432.08,6.00,6.00,0.00,0.80,1.00
1991.50,2000.00,431.87,432.02,7.00,7.00,0.00,0.80,1.00
1741.00,1789.00,431.94,432.08,6.00,6.00,0.00,0.80,1.00
1857.00,1967.00,431.89,432.13,6.00,7.00,0.00,0.80,1.00
1873.50,1948.00,431.84,431.97,7.00,7.00,0.00,0.80,1.00
1889.50,1941.00,431.72,432.02,6.00,6.00,0.00,0.80,1.00
1919.00,1933.00,431.94,432.09,7.00,7.00,0.00,0.80,1.00
1723.00,1776.00,431.82,431.94,6.00,6.00,0.00,0.80,1.00
1869.50,1900.00,431.92,432.19,7.00,7.00,0.00,0.80,1.00
1844.50,1901.00,431.72,432.13,6.00,6.00,0.00,0.80,1.00
1867.50,1977.00,431.86,431.97,7.00,7.00,0.00,0.80,1.00
1846.50,1943.00,431.79,432.09,6.00,6.00,0.00,0.80,1.00
1834.00,1963.00,431.86,431.99,7.00,7.00,0.00,0.80,1.00
1875.50,1952.00,431.84,431.97,6.00,6.00,0.00,0.80,1.00
1880.50,1992.00,431.78,431.92,6.00,6.00,0.00,0.80,1.00
1925.00,1981.00,431.82,432.10,7.00,7.00,0.00,0.80,1.00
1880.00,1983.00,431.86,431.92,6.00,6.00,0.00,0.80,1.00
1755.50,1825.00,431.75,432.07,7.00,7.00,0.00,0.80,1.00
1835.00,1941.00,431.84,431.93,6.00,6.00,0.00,0.80,1.00
1830.50,1870.00,431.60,431.68,6.00,6.00,0.00,0.80,1.00
1864.50,1878.00,431.82,431.84,7.00,7.00,0.00,0.80,1.00
1743.50,1762.00,431.93,432.12,6.00,6.00,0.00,0.80,1.00
1837.00,1943.00,431.87,431.97,7.00,7.00,0.00,0.80,1.00
1888.50,1931.00,431.85,431.93,6.00,6.00,0.00,0.80,1.00
1868.50,1986.00,431.90,432.02,6.00,6.00,0.00,0.80,1.00
1860.50,1905.00,431.96,432.04,7.00,7.00,0.00,0.80,1.00
1851.50,1880.00,431.81,431.91,6.50,7.00,0.00,0.80,1.00
1883.00,1904.00,431.78,431.93,6.50,7.00,0.00,0.80,1.00
1842.00,1968.00,431.92,432.17,6.00,6.00,0.00,0.80,1.00
1879.50,1996.00,431.85,432.02,7.00,7.00,0.00,0.80,1.00
1849.00,1937.00,431.92,432.11,6.00,6.00,0.00,0.80,1.00
1704.00,1759.00,431.72,431.94,7.00,7.00,0.00,0.80,1.00
1948.50,1962.00,431.87,431.93,6.00,6.00,0.00,0.80,1.00
1884.00,1931.00,431.83,432.07,7.00,7.00,0.00,0.80,1.00
1873.00,1930.00,431.84,432.00,6.00,6.00,0.00,0.80,1.00
2062.00,2071.00,431.65,431.77,7.00,7.00,0.00,0.80,1.00
