1144.00,18234.00,431.86,432.10,6.00,6.00,0.00,3.40,3.80
2013.00,32439.00,431.83,432.14,7.00,7.00,0.00,3.40,3.80
1717.00,27801.00,431.77,432.16,6.00,6.00,0.00,3.40,3.80
1890.00,30124.00,431.86,432.17,6.00,7.00,0.00,3.40,3.80
1877.00,30147.00,431.81,432.07,7.00,7.00,0.00,3.40,3.80
1895.00,30113.00,431.83,432.04,6.00,7.00,0.00,3.40,3.80
1746.00,27812.00,431.78,432.04,7.00,7.00,0.00,3.40,3.80
1877.00,30133.00,431.71,432.11,6.00,7.00,0.00,3.40,3.80
1880.00,30125.00,431.81,432.00,7.00,7.00,0.00,3.40,3.80
2041.00,32436.00,431.80,432.17,6.00,7.00,0.00,3.40,3.80
1897.00,30121.00,431.83,432.08,7.00,7.00,0.00,3.40,3.80
2017.00,32420.00,431.73,432.03,7.00,7.00,0.00,3.40,3.80
1933.00,30111.00,431.97,432.14,6.00,7.00,0.00,3.40,3.80
1862.00,30105.00,431.92,432.16,7.00,7.00,0.00,3.40,3.80
1902.00,30107.00,431.93,432.03,7.00,7.00,0.00,3.40,3.80
2042.00,32381.00,431.98,432.09,7.00,7.00,0.00,3.40,3.80
1872.00,30134.00,431.89,432.17,7.00,7.00,0.00,3.40,3.80
2033.00,32375.00,431.83,432.06,7.00,7.00,0.00,3.40,3.80
1868.00,30063.00,431.95,432.17,7.00,7.00,0.00,3.40,3.80
1881.00,30117.00,431.76,432.17,6.00,7.00,0.00,3.40,3.80
1876.00,30088.00,431.77,432.10,7.00,7.00,0.00,3.40,3.80
1893.00,30122.00,431.89,432.11,6.00,7.00,0.00,3.40,3.80
1883.00,30098.00,431.77,432.00,7.00,7.00,0.00,3.40,3.80
1868.00,30111.00,431.75,432.07,6.00,7.00,0.00,3.40,3.80
1883.00,30125.00,431.86,432.05,6.00,7.00,0.00,3.40,3.80
1751.00,27803.00,431.82,432.13,7.00,7.00,0.00,3.40,3.80
1893.00,30171.00,431.89,432.12,6.00,7.00,0.00,3.40,3.80
1873.00,30113.00,431.81,432.02,6.00,7.00,0.00,3.40,3.80
1882.00,30123.00,431.83,432.06,7.00,7.00,0.00,3.40,3.80
1883.00,30120.00,431.83,432.13,6.00,7.00,0.00,3.40,3.80
1909.00,30156.00,431.83,432.16,7.00,7.00,0.00,3.40,3.80
1737.00,27817.00,431.70,432.19,6.00,7.00,0.00,3.40,3.80
1879.00,30119.00,431.89,432.14,7.00,7.00,0.00,3.40,3.80
1871.00,30122.00,431.69,432.02,6.00,7.00,0.00,3.40,3.80
2039.00,32439.00,431.83,432.10,7.00,7.00,0.00,3.40,3.80
1880.00,30105.00,431.85,432.12,6.00,7.00,0.00,3.40,3.80
1743.00,27808.00,431.77,432.13,7.00,7.00,0.00,3.40,3.80
1886.00,30110.00,431.89,432.14,6.00,6.00,0.00,3.40,3.80
1889.00,30113.00,431.85,432.10,7.00,7.00,0.00,3.40,3.80
1878.00,30118.00,431.86,432.07,6.00,7.00,0.00,3.40,3.80
1868.00,30110.00,431.95,432.05,7.00,7.00,0.00,3.40,3.80
1882.00,30102.00,431.96,432.13,6.00,7.00,0.00,3.40,3.80
1722.00,27797.00,431.77,432.18,6.00,7.00,0.00,3.40,3.80
1875.00,30107.00,431.97,432.12,7.00,7.00,0.00,3.40,3.80
1997.00,32191.00,431.92,432.09,7.00,7.00,0.00,3.40,3.80
2037.00,32266.00,431.88,432.09,7.00,8.00,0.00,3.40,3.80
1884.00,30088.00,431.78,432.06,6.00,7.00,0.00,3.40,3.80
1884.00,30040.00,431.83,432.15,7.00,7.00,0.00,3.40,3.80
1861.00,29925.00,431.84,432.04,6.00,7.00,0.00,3.40,3.80
1882.00,30132.00,431.92,432.07,7.00,7.00,0.00,3.40,3.80
2087.00,32418.00,431.93,432.15,7.00,7.00,0.00,3.40,3.80
1884.00,30115.00,431.97,432.12,6.00,7.00,0.00,3.40,3.80
2017.00,32445.00,431.83,432.06,7.00,7.00,0.00,3.40,3.80
1897.00,30105.00,431.79,432.11,7.00,7.00,0.00,3.40,3.80
1868.00,30113.00,431.85,432.03,6.00,7.00,0.00,3.40,3.80
1871.00,30129.00,431.79,432.04,7.00,7.00,0.00,3.40,3.80
1890.00,30120.00,431.79,432.11,6.00,7.00,0.00,3.40,3.80
1877.00,30125.00,431.88,432.17,7.00,7.00,0.00,3.40,3.80
1863.00,30116.00,431.84,432.14,6.00,7.00,0.00,3.40,3.80
1886.00,30114.00,431.86,432.13,7.00,7.00,0.00,3.40,3.80
1884.00,30113.00,431.87,432.12,7.00,7.00,0.00,3.40,3.80
2018.00,32436.00,431.83,432.11,6.00,7.00,0.00,3.40,3.80
1888.00,30118.00,431.86,432.15,7.00,7.00,0.00,3.40,3.80
1887.00,30112.00,431.83,432.13,6.00,7.00,0.00,3.40,3.80
1885.00,30076.00,431.89,432.05,7.00,7.00,0.00,3.40,3.80
1743.00,27792.00,431.88,432.19,6.00,7.00,0.00,3.40,3.80
1897.00,30120.00,431.73,432.05,7.00,7.00,0.00,3.40,3.80
1886.00,30130.00,431.88,432.17,6.00,7.00,0.00,3.40,3.80
2040.00,32430.00,431.84,432.12,7.00,7.00,0.00,3.40,3.80
1879.00,30116.00,431.85,432.09,6.00,7.00,0.00,3.40,3.80
1873.00,30127.00,431.78,432.10,7.00,7.00,0.00,3.40,3.80
1883.00,30104.00,431.77,432.07,6.00,7.00,0.00,3.40,3.80
1894.00,30124.00,431.87,432.13,7.00,7.00,0.00,3.40,3.80
1869.00,30121.00,431.81,432.14,7.00,7.00,0.00,3.40,3.80
1888.00,30105.00,431.81,432.05,6.00,7.00,0.00,3.40,3.80
1870.00,30127.00,431.74,432.09,6.00,7.00,0.00,3.40,3.80
1876.00,30109.00,431.82,432.12,7.00,7.00,0.00,3.40,3.80
1878.00,30069.00,431.78,432.10,6.00,7.00,0.00,3.40,3.80
1885.00,30120.00,431.83,432.11,7.00,7.00,0.00,3.40,3.80
1884.00,30120.00,431.90,432.17,6.00,7.00,0.00,3.40,3.80
2018.00,32434.00,431.72,432.11,7.00,7.00,0.00,3.40,3.80
1877.00,30113.00,431.81,432.11,7.00,7.00,0.00,3.40,3.80
1885.00,30109.00,431.83,432.17,6.00,7.00,0.00,3.40,3.80
1889.00,30119.00,431.83,432.08,7.00,7.00,0.00,3.40,3.80
1869.00,30108.00,431.75,432.03,6.00,7.00,0.00,3.40,3.80
1885.00,30123.00,431.83,432.11,7.00,7.00,0.00,3.40,3.80
1889.00,30111.00,431.90,432.15,7.00,7.00,0.00,3.40,3.80
1904.00,30127.00,431.88,432.11,6.00,7.00,0.00,3.40,3.80
1893.00,30130.00,431.79,432.04,7.00,7.00,0.00,3.40,3.80
1897.00,30124.00,431.84,432.07,6.00,7.00,0.00,3.40,3.80
1896.00,30129.00,431.76,431.99,7.00,7.00,0.00,3.40,3.80
1887.00,30090.00,431.82,432.09,6.00,7.00,0.00,3.40,3.80
1882.00,30077.00,431.79,431.99,7.00,7.00,0.00,3.40,3.80
1897.00,30120.00,431.87,432.09,6.00,7.00,0.00,3.40,3.80
1889.00,30120.00,431.92,432.11,7.00,7.00,0.00,3.40,3.80
1892.00,30113.00,431.82,432.06,6.00,7.00,0.00,3.40,3.80
1888.00,30126.00,431.86,432.08,7.00,7.00,0.00,3.40,3.80
1888.00,30127.00,431.82,432.06,6.00,7.00,0.00,3.40,3.80
1884.00,30111.00,431.88,432.09,6.00,7.00,0.00,3.40,3.80
1883.00,30118.00,431.81,432.02,7.00,7.00,0.00,3.40,3.80
1884.00,30102.00,431.82,432.06,7.00,7.00,0.00,3.40,3.80
1880.00,30118.00,431.86,432.09,6.00,7.00,0.00,3.40,3.80
1879.00,30120.00,431.77,432.09,7.00,7.00,0.00,3.40,3.80
1887.00,30116.00,431.90,432.10,6.00,7.00,0.00,3.40,3.80
1884.00,30130.00,431.89,432.14,7.00,7.00,0.00,3.40,3.80
1879.00,30105.00,431.79,432.08,6.00,7.00,0.00,3.40,3.80
1876.00,30099.00,431.81,432.07,7.00,7.00,0.00,3.40,3.80
1904.00,30113.00,431.82,432.01,6.00,7.00,0.00,3.40,3.80
1861.00,30115.00,431.83,432.06,7.00,7.00,0.00,3.40,3.80
1876.00,30130.00,431.85,432.15,6.00,7.00,0.00,3.40,3.80
1888.00,30113.00,431.85,432.07,7.00,7.00,0.00,3.40,3.80
1890.00,30126.00,431.85,432.07,6.00,7.00,0.00,3.40,3.80
1882.00,30134.00,431.85,432.04,7.00,7.00,0.00,3.40,3.80
1870.00,30113.00,431.91,432.08,6.00,7.00,0.00,3.40,3.80
1882.00,30108.00,431.84,432.09,7.00,7.00,0.00,3.40,3.80
1868.00,30120.00,431.81,432.08,6.00,7.00,0.00,3.40,3.80
1871.00,30119.00,431.88,432.01,7.00,7.00,0.00,3.40,3.80
1888.00,30118.00,431.77,432.17,6.00,7.00,0.00,3.40,3.80
1878.00,30113.00,431.87,432.08,7.00,7.00,0.00,3.40,3.80
1904.00,30110.00,431.78,432.12,6.00,7.00,0.00,3.40,3.80
1876.00,30135.00,431.92,432.07,7.00,7.00,0.00,3.40,3.80
1867.00,30118.00,431.83,432.04,6.00,7.00,0.00,3.40,3.80
1910.00,30120.00,431.77,432.12,7.00,7.00,0.00,3.40,3.80
1882.00,30113.00,431.84,432.01,6.00,7.00,0.00,3.40,3.80
1877.00,30128.00,431.76,432.17,7.00,7.00,0.00,3.40,3.80
1885.00,30142.00,431.76,432.12,6.00,6.00,0.00,3.40,3.80
1876.00,30121.00,431.89,432.10,7.00,7.00,0.00,3.40,3.80
1888.00,30115.00,431.91,432.16,6.00,7.00,0.00,3.40,3.80
1877.00,30118.00,431.98,432.18,7.00,7.00,0.00,3.40,3.80
1884.00,30112.00,431.97,432.17,6.00,7.00,0.00,3.40,3.80
1877.00,30111.00,431.81,432.12,7.00,7.00,0.00,3.40,3.80
1893.00,30129.00,431.84,432.10,6.00,7.00,0.00,3.40,3.80
2010.00,32430.00,431.84,432.02,7.00,7.00,0.00,3.40,3.80
1744.00,27796.00,431.71,432.01,6.00,7.00,0.00,3.40,3.80
2002.00,32453.00,431.82,432.16,7.00,7.00,0.00,3.40,3.80
1875.00,30120.00,431.75,432.14,7.00,7.00,0.00,3.40,3.80
1867.00,30117.00,431.83,432.14,6.00,7.00,0.00,3.40,3.80
1888.00,30119.00,431.88,432.09,7.00,7.00,0.00,3.40,3.80
1891.00,30125.00,431.94,432.16,6.00,7.00,0.00,3.40,3.80
1854.00,30117.00,431.89,432.05,7.00,7.00,0.00,3.40,3.80
2008.00,32465.00,431.83,432.04,7.00,7.00,0.00,3.40,3.80
2019.00,32433.00,431.91,432.08,7.00,7.00,0.00,3.40,3.80
1886.00,30115.00,431.88,432.13,6.00,7.00,0.00,3.40,3.80
1885.00,30104.00,431.83,432.04,7.00,7.00,0.00,3.40,3.80
1880.00,30112.00,431.73,432.05,6.00,7.00,0.00,3.40,3.80
1887.00,30125.00,431.86,432.04,7.00,7.00,0.00,3.40,3.80
1883.00,30120.00,431.74,432.10,6.00,7.00,0.00,3.40,3.80
1868.00,30076.00,431.97,432.03,7.00,7.00,0.00,3.40,3.80
1893.00,30128.00,431.84,432.18,7.00,7.00,0.00,3.40,3.80
1899.00,30109.00,431.83,432.07,6.00,7.00,0.00,3.40,3.80
2032.00,32448.00,431.90,432.09,7.00,7.00,0.00,3.40,3.80
1883.00,30131.00,431.84,432.11,6.00,7.00,0.00,3.40,3.80
1885.00,30124.00,431.83,432.04,7.00,7.00,0.00,3.40,3.80
1879.00,30113.00,431.92,432.03,6.00,7.00,0.00,3.40,3.80
1885.00,30110.00,431.82,432.11,7.00,7.00,0.00,3.40,3.80
1887.00,30039.00,431.78,432.12,7.00,7.00,0.00,3.40,3.80
2022.00,32396.00,431.80,432.09,6.00,7.00,0.00,3.40,3.80
1894.00,30121.00,431.86,432.11,7.00,7.00,0.00,3.40,3.80
1884.00,30109.00,431.90,432.06,6.00,7.00,0.00,3.40,3.80
1895.00,30123.00,431.77,432.06,7.00,7.00,0.00,3.40,3.80
2017.00,32420.00,431.85,432.16,7.00,7.00,0.00,3.40,3.80
1875.00,30113.00,431.81,432.04,6.00,7.00,0.00,3.40,3.80
1892.00,30072.00,431.82,432.04,7.00,7.00,0.00,3.40,3.80
1887.00,30120.00,431.87,432.13,6.00,7.00,0.00,3.40,3.80
1893.00,30107.00,431.87,432.13,7.00,7.00,0.00,3.40,3.80
1876.00,30107.00,431.78,432.13,7.00,7.00,0.00,3.40,3.80
2027.00,32365.00,431.82,432.09,6.00,7.00,0.00,3.40,3.80
1874.00,30096.00,431.91,432.10,7.00,7.00,0.00,3.40,3.80
1893.00,30108.00,431.87,432.03,7.00,7.00,0.00,3.40,3.80
1883.00,30116.00,431.84,432.09,6.00,7.00,0.00,3.40,3.80
1893.00,30121.00,431.79,432.15,7.00,7.00,0.00,3.40,3.80
2041.00,32424.00,431.94,432.14,6.00,7.00,0.00,3.40,3.80
1896.00,30108.00,431.87,432.11,7.00,7.00,0.00,3.40,3.80
1909.00,30111.00,431.91,432.16,6.00,7.00,0.00,3.40,3.80
1885.00,30126.00,431.83,432.11,7.00,7.00,0.00,3.40,3.80
1891.00,30121.00,431.85,432.17,7.00,7.00,0.00,3.40,3.80
2070.00,32430.00,431.88,432.12,6.00,7.00,0.00,3.40,3.80
1864.00,30061.00,431.84,432.04,7.00,7.00,0.00,3.40,3.80
1887.00,30122.00,431.78,432.09,6.00,7.00,0.00,3.40,3.80
1871.00,30113.00,431.78,432.07,7.00,7.00,0.00,3.40,3.80
1894.00,30125.00,431.84,432.07,6.00,7.00,0.00,3.40,3.80
1873.00,30114.00,431.84,432.17,7.00,7.00,0.00,3.40,3.80
1879.00,30066.00,431.78,432.12,7.00,7.00,0.00,3.40,3.80
2040.00,32414.00,431.80,432.14,6.00,7.00,0.00,3.40,3.80
1877.00,30135.00,431.77,432.02,7.00,7.00,0.00,3.40,3.80
1891.00,30124.00,431.88,432.17,7.00,7.00,0.00,3.40,3.80
1897.00,30134.00,431.73,432.17,6.00,7.00,0.00,3.40,3.80
1866.00,30124.00,431.84,432.17,7.00,7.00,0.00,3.40,3.80
2047.00,32436.00,431.94,432.12,7.00,7.00,0.00,3.40,3.80
1898.00,30141.00,431.82,432.03,6.00,7.00,0.00,3.40,3.80
1877.00,30111.00,431.77,431.97,7.00,7.00,0.00,3.40,3.80
1887.00,30112.00,431.84,432.13,6.00,7.00,0.00,3.40,3.80
1890.00,30130.00,431.88,432.11,7.00,7.00,0.00,3.40,3.80
2040.00,32430.00,431.79,432.13,6.00,7.00,0.00,3.40,3.80
1890.00,30128.00,431.83,432.07,7.00,7.00,0.00,3.40,3.80
1893.00,30119.00,431.83,432.12,7.00,7.00,0.00,3.40,3.80
1881.00,30109.00,431.87,432.11,7.00,7.00,0.00,3.40,3.80
2030.00,32448.00,431.98,432.11,7.00,7.00,0.00,3.40,3.80
1741.00,27804.00,431.89,432.20,6.00,7.00,0.00,3.40,3.80
1905.00,30111.00,431.85,432.12,7.00,7.00,0.00,3.40,3.80
2037.00,32428.00,431.83,432.06,6.00,7.00,0.00,3.40,3.80
1889.00,30120.00,431.89,432.11,7.00,7.00,0.00,3.40,3.80
1898.00,30106.00,431.78,432.03,7.00,7.00,0.00,3.40,3.80
1888.00,30101.00,431.82,432.12,6.00,7.00,0.00,3.40,3.80
1888.00,30125.00,431.67,432.04,7.00,7.00,0.00,3.40,3.80
1879.00,30106.00,431.79,432.01,6.00,7.00,0.00,3.40,3.80
1888.00,30136.00,431.82,432.01,7.00,7.00,0.00,3.40,3.80
1883.00,30140.00,431.78,432.15,6.00,7.00,0.00,3.40,3.80
1890.00,30113.00,431.82,432.19,7.00,7.00,0.00,3.40,3.80
2017.00,32425.00,431.78,432.16,7.00,7.00,0.00,3.40,3.80
1877.00,30115.00,431.89,432.07,6.00,7.00,0.00,3.40,3.80
1889.00,30110.00,431.79,432.07,7.00,7.00,0.00,3.40,3.80
1865.00,30125.00,431.76,432.08,6.00,7.00,0.00,3.40,3.80
1901.00,30136.00,431.86,432.10,7.00,7.00,0.00,3.40,3.80
1897.00,30123.00,431.90,432.16,6.00,7.00,0.00,3.40,3.80
1896.00,30124.00,431.74,432.05,7.00,7.00,0.00,3.40,3.80
1904.00,30133.00,431.79,432.16,6.00,7.00,0.00,3.40,3.80
2034.00,32430.00,431.91,432.04,7.00,7.00,0.00,3.40,3.80
1894.00,30113.00,431.78,432.11,7.00,7.00,0.00,3.40,3.80
1869.00,30127.00,431.78,432.07,6.00,7.00,0.00,3.40,3.80
1889.00,30130.00,431.93,432.05,7.00,7.00,0.00,3.40,3.80
1864.00,30120.00,431.84,432.16,6.00,7.00,0.00,3.40,3.80
1886.00,30112.00,431.92,432.14,7.00,7.00,0.00,3.40,3.80
1867.00,30109.00,431.88,432.00,7.00,7.00,0.00,3.40,3.80
2027.00,32437.00,431.75,432.17,6.00,7.00,0.00,3.40,3.80
1875.00,30118.00,431.88,432.18,7.00,7.00,0.00,3.40,3.80
1882.00,30131.00,431.83,432.18,6.00,7.00,0.00,3.40,3.80
2043.00,32425.00,431.74,432.04,7.00,7.00,0.00,3.40,3.80
1881.00,30110.00,431.84,432.16,7.00,7.00,0.00,3.40,3.80
1889.00,30107.00,431.78,431.99,6.00,7.00,0.00,3.40,3.80
1882.00,30111.00,431.75,432.06,7.00,7.00,0.00,3.40,3.80
1883.00,30136.00,431.89,432.05,6.00,7.00,0.00,3.40,3.80
1896.00,30126.00,431.87,432.16,7.00,7.00,0.00,3.40,3.80
1883.00,30108.00,431.79,432.17,6.00,7.00,0.00,3.40,3.80
1867.00,30124.00,431.91,432.14,7.00,7.00,0.00,3.40,3.80
1880.00,30128.00,431.82,432.05,6.00,7.00,0.00,3.40,3.80
1909.00,30124.00,431.86,432.02,7.00,7.00,0.00,3.40,3.80
2029.00,32310.00,431.96,432.12,7.00,7.00,0.00,3.40,3.80
1868.00,30034.00,431.94,432.09,6.00,7.00,0.00,3.40,3.80
1889.00,30120.00,431.83,432.06,7.00,7.00,0.00,3.40,3.80
1901.00,30138.00,431.79,432.04,6.00,7.00,0.00,3.40,3.80
1867.00,30122.00,431.90,432.14,7.00,7.00,0.00,3.40,3.80
1879.00,30148.00,431.76,432.13,6.00,7.00,0.00,3.40,3.80
1888.00,30107.00,431.82,432.06,7.00,7.00,0.00,3.40,3.80
1893.00,30127.00,431.84,432.12,6.00,7.00,0.00,3.40,3.80
1877.00,30113.00,431.89,432.17,7.00,7.00,0.00,3.40,3.80
1723.00,27797.00,431.78,432.08,6.00,6.00,0.00,3.40,3.80
1873.00,30113.00,431.86,432.17,7.00,7.00,0.00,3.40,3.80
1893.00,30132.00,431.75,432.02,6.00,7.00,0.00,3.40,3.80
1885.00,30112.00,431.83,432.11,6.00,7.00,0.00,3.40,3.80
1738.00,27809.00,431.91,432.13,7.00,7.00,0.00,3.40,3.80
1892.00,30141.00,431.82,432.10,6.00,7.00,0.00,3.40,3.80
1889.00,30113.00,431.95,432.11,7.00,7.00,0.00,3.40,3.80
1877.00,30124.00,431.93,432.14,6.00,7.00,0.00,3.40,3.80
1884.00,30122.00,431.78,432.18,6.00,7.00,0.00,3.40,3.80
1721.00,27803.00,431.86,432.11,7.00,7.00,0.00,3.40,3.80
1895.00,30132.00,431.77,432.01,6.00,7.00,0.00,3.40,3.80
1883.00,30119.00,431.84,432.05,7.00,7.00,0.00,3.40,3.80
1889.00,30138.00,431.96,432.13,6.00,7.00,0.00,3.40,3.80
1747.00,27796.00,431.66,432.03,6.00,7.00,0.00,3.40,3.80
1884.00,30125.00,431.96,432.09,7.00,7.00,0.00,3.40,3.80
1887.00,30115.00,431.94,432.15,6.00,7.00,0.00,3.40,3.80
1894.00,30123.00,431.89,432.11,6.00,7.00,0.00,3.40,3.80
1742.00,27794.00,431.77,432.00,7.00,7.00,0.00,3.40,3.80
1873.00,30115.00,431.88,432.05,6.00,6.00,0.00,3.40,3.80
1866.00,30115.00,431.81,432.14,7.00,7.00,0.00,3.40,3.80
1883.00,30107.00,431.87,432.17,6.00,7.00,0.00,3.40,3.80
1893.00,30124.00,431.82,431.98,7.00,7.00,0.00,3.40,3.80
1877.00,30114.00,431.89,432.03,6.00,7.00,0.00,3.40,3.80
1893.00,30110.00,431.81,432.09,6.00,7.00,0.00,3.40,3.80
1874.00,30124.00,431.90,432.17,7.00,7.00,0.00,3.40,3.80
1880.00,30111.00,431.86,432.08,6.00,7.00,0.00,3.40,3.80
1893.00,30113.00,431.94,432.16,7.00,7.00,0.00,3.40,3.80
1731.00,27793.00,431.97,432.16,6.00,7.00,0.00,3.40,3.80
1893.00,30124.00,431.95,432.14,7.00,7.00,0.00,3.40,3.80
1888.00,30115.00,431.86,432.11,6.00,7.00,0.00,3.40,3.80
1870.00,30079.00,431.81,432.09,7.00,7.00,0.00,3.40,3.80
1884.00,30126.00,431.89,432.12,6.00,6.00,0.00,3.40,3.80
1871.00,30128.00,431.86,432.14,7.00,7.00,0.00,3.40,3.80
1897.00,30117.00,431.78,432.07,6.00,7.00,0.00,3.40,3.80
1887.00,30122.00,431.89,432.04,6.00,7.00,0.00,3.40,3.80
1736.00,27803.00,431.90,432.09,7.00,7.00,0.00,3.40,3.80
2028.00,32431.00,431.86,432.08,6.00,7.00,0.00,3.40,3.80
1900.00,30126.00,431.88,432.13,7.00,7.00,0.00,3.40,3.80
1735.00,27793.00,431.82,432.04,6.00,7.00,0.00,3.40,3.80
1901.00,30121.00,431.83,431.99,7.00,7.00,0.00,3.40,3.80
1887.00,30110.00,431.89,432.03,6.00,7.00,0.00,3.40,3.80
1867.00,30127.00,431.79,432.17,7.00,7.00,0.00,3.40,3.80
1889.00,30125.00,431.76,432.07,6.00,7.00,0.00,3.40,3.80
1897.00,30121.00,431.84,432.09,7.00,7.00,0.00,3.40,3.80
1879.00,30112.00,431.82,432.14,6.00,7.00,0.00,3.40,3.80
1734.00,27798.00,431.90,432.16,6.00,7.00,0.00,3.40,3.80
1887.00,30124.00,431.82,432.09,7.00,7.00,0.00,3.40,3.80
1874.00,30122.00,431.92,432.11,6.00,7.00,0.00,3.40,3.80
1748.00,27806.00,431.92,432.17,6.00,7.00,0.00,3.40,3.80
1883.00,30119.00,431.89,432.05,7.00,7.00,0.00,3.40,3.80
1880.00,30124.00,431.79,432.08,6.00,7.00,0.00,3.40,3.80
1882.00,30117.00,431.87,432.12,7.00,7.00,0.00,3.40,3.80
1891.00,30125.00,431.85,432.16,6.00,7.00,0.00,3.40,3.80
1872.00,30111.00,431.92,432.14,7.00,7.00,0.00,3.40,3.80
1869.00,30116.00,431.88,432.07,6.00,7.00,0.00,3.40,3.80
1870.00,30118.00,431.84,432.07,7.00,7.00,0.00,3.40,3.80
1734.00,27818.00,431.79,432.12,6.00,7.00,0.00,3.40,3.80
1887.00,30111.00,431.81,432.09,7.00,7.00,0.00,3.40,3.80
1900.00,30110.00,431.83,432.11,6.00,7.00,0.00,3.40,3.80
1870.00,30126.00,431.88,432.13,6.00,7.00,0.00,3.40,3.80
1900.00,30134.00,431.75,432.04,7.00,7.00,0.00,3.40,3.80
1898.00,30114.00,431.76,432.11,6.00,7.00,0.00,3.40,3.80
1882.00,30102.00,431.84,432.06,7.00,7.00,0.00,3.40,3.80
1896.00,30108.00,431.79,431.98,6.00,7.00,0.00,3.40,3.80
1910.00,30118.00,431.91,432.06,7.00,7.00,0.00,3.40,3.80
1745.00,27803.00,431.83,432.09,6.00,7.00,0.00,3.40,3.80
1891.00,30099.00,431.86,432.04,6.00,7.00,0.00,3.40,3.80
1926.00,30115.00,431.83,432.10,7.00,7.00,0.00,3.40,3.80
1771.00,27794.00,431.86,432.07,6.00,6.00,0.00,3.40,3.80
1869.00,30115.00,431.82,432.01,7.00,7.00,0.00,3.40,3.80
1891.00,30118.00,431.81,432.10,6.00,7.00,0.00,3.40,3.80
1878.00,30113.00,431.93,432.17,6.00,6.00,0.00,3.40,3.80
1873.00,30122.00,431.86,432.04,7.00,7.00,0.00,3.40,3.80
1745.00,27803.00,431.90,432.09,6.00,7.00,0.00,3.40,3.80
1870.00,30118.00,431.89,432.13,7.00,7.00,0.00,3.40,3.80
1865.00,30132.00,431.82,432.11,6.00,7.00,0.00,3.40,3.80
1896.00,30125.00,431.82,432.00,6.00,7.00,0.00,3.40,3.80
1723.00,27798.00,431.75,432.08,7.00,7.00,0.00,3.40,3.80
1873.00,30126.00,431.86,432.11,6.00,7.00,0.00,3.40,3.80
1885.00,30122.00,431.83,432.10,6.00,7.00,0.00,3.40,3.80
1883.00,30127.00,431.91,432.19,7.00,7.00,0.00,3.40,3.80
1900.00,30132.00,431.87,432.08,6.00,7.00,0.00,3.40,3.80
1865.00,30120.00,431.87,432.16,7.00,7.00,0.00,3.40,3.80
1725.00,27791.00,431.86,432.18,6.00,7.00,0.00,3.40,3.80
1874.00,30119.00,431.88,432.17,6.00,7.00,0.00,3.40,3.80
1880.00,30127.00,431.84,432.17,7.00,7.00,0.00,3.40,3.80
1734.00,27800.00,431.83,432.07,6.00,6.00,0.00,3.40,3.80
2035.00,32449.00,431.81,432.15,7.00,7.00,0.00,3.40,3.80
1744.00,27804.00,431.82,432.12,6.00,7.00,0.00,3.40,3.80
1904.00,30113.00,431.85,432.16,7.00,7.00,0.00,3.40,3.80
1903.00,30131.00,431.88,432.08,6.00,7.00,0.00,3.40,3.80
1741.00,27817.00,431.82,432.05,6.00,7.00,0.00,3.40,3.80
2019.00,32426.00,431.88,432.06,7.00,7.00,0.00,3.40,3.80
1731.00,27808.00,431.78,432.11,6.00,6.00,0.00,3.40,3.80
1885.00,30114.00,431.89,432.12,7.00,7.00,0.00,3.40,3.80
1899.00,30126.00,431.81,432.00,6.00,7.00,0.00,3.40,3.80
1905.00,30117.00,431.78,432.17,7.00,7.00,0.00,3.40,3.80
1881.00,30134.00,431.91,432.07,6.00,7.00,0.00,3.40,3.80
2052.00,32448.00,431.82,432.16,7.00,7.00,0.00,3.40,3.80
1878.00,30101.00,431.78,432.07,6.00,7.00,0.00,3.40,3.80
1743.00,27829.00,431.95,432.10,7.00,7.00,0.00,3.40,3.80
1877.00,30133.00,431.78,432.07,6.00,6.00,0.00,3.40,3.80
1874.00,30109.00,431.94,432.17,6.00,7.00,0.00,3.40,3.80
1864.00,30122.00,431.88,432.03,7.00,7.00,0.00,3.40,3.80
1895.00,30109.00,431.95,432.13,6.00,7.00,0.00,3.40,3.80
1753.00,27805.00,431.80,432.12,7.00,7.00,0.00,3.40,3.80
1883.00,30123.00,431.68,432.19,6.00,7.00,0.00,3.40,3.80
1892.00,30129.00,431.79,432.13,7.00,7.00,0.00,3.40,3.80
1884.00,30113.00,431.82,432.06,6.00,7.00,0.00,3.40,3.80
1877.00,30140.00,431.85,432.08,6.00,7.00,0.00,3.40,3.80
1739.00,27819.00,431.78,432.14,7.00,7.00,0.00,3.40,3.80
1900.00,30122.00,431.90,432.17,6.00,7.00,0.00,3.40,3.80
1891.00,30134.00,431.85,432.16,7.00,7.00,0.00,3.40,3.80
1859.00,30105.00,431.85,432.07,6.00,7.00,0.00,3.40,3.80
1899.00,30119.00,431.81,432.03,7.00,7.00,0.00,3.40,3.80
1907.00,30120.00,431.82,432.11,6.00,7.00,0.00,3.40,3.80
1883.00,30133.00,431.84,432.11,6.00,7.00,0.00,3.40,3.80
1874.00,30127.00,431.88,432.12,7.00,7.00,0.00,3.40,3.80
1768.00,27822.00,431.77,432.13,6.00,7.00,0.00,3.40,3.80
1890.00,30129.00,431.94,432.09,7.00,7.00,0.00,3.40,3.80
1917.00,30132.00,431.78,432.07,6.00,7.00,0.00,3.40,3.80
1889.00,30125.00,431.90,432.17,7.00,7.00,0.00,3.40,3.80
1897.00,30112.00,431.77,431.99,6.00,7.00,0.00,3.40,3.80
1898.00,30144.00,431.84,432.08,7.00,7.00,0.00,3.40,3.80
1887.00,30162.00,431.86,432.08,6.00,7.00,0.00,3.40,3.80
1906.00,30126.00,431.84,432.10,7.00,7.00,0.00,3.40,3.80
1746.00,27810.00,431.94,432.12,6.00,7.00,0.00,3.40,3.80
2018.00,32427.00,431.84,432.13,7.00,7.00,0.00,3.40,3.80
1751.00,27807.00,431.87,432.12,6.00,7.00,0.00,3.40,3.80
1870.00,30128.00,431.83,432.14,6.00,7.00,0.00,3.40,3.80
1914.00,30146.00,431.91,432.12,7.00,7.00,0.00,3.40,3.80
1747.00,27813.00,431.74,432.09,6.00,7.00,0.00,3.40,3.80
1893.00,30138.00,431.92,432.12,6.00,7.00,0.00,3.40,3.80
1892.00,30131.00,431.88,432.09,7.00,7.00,0.00,3.40,3.80
1877.00,30131.00,431.79,432.07,6.00,7.00,0.00,3.40,3.80
1913.00,30128.00,431.83,432.00,7.00,7.00,0.00,3.40,3.80
1885.00,30107.00,431.92,432.11,6.00,7.00,0.00,3.40,3.80
1755.00,27799.00,431.89,432.06,7.00,7.00,0.00,3.40,3.80
1887.00,30098.00,431.89,432.08,6.00,7.00,0.00,3.40,3.80
1884.00,30139.00,431.74,432.09,6.00,7.00,0.00,3.40,3.80
1888.00,30134.00,431.73,432.14,7.00,7.00,0.00,3.40,3.80
1897.00,30093.00,431.81,432.13,6.00,7.00,0.00,3.40,3.80
1892.00,30111.00,431.82,432.18,7.00,7.00,0.00,3.40,3.80
1880.00,30100.00,431.84,432.19,6.00,7.00,0.00,3.40,3.80
1749.00,27810.00,431.71,432.04,7.00,7.00,0.00,3.40,3.80
2050.00,32454.00,431.92,432.07,6.00,7.00,0.00,3.40,3.80
1870.00,30102.00,431.84,432.16,7.00,7.00,0.00,3.40,3.80
1740.00,27806.00,431.74,432.04,6.00,7.00,0.00,3.40,3.80
1893.00,30122.00,431.77,432.03,7.00,7.00,0.00,3.40,3.80
1890.00,30132.00,431.85,432.03,6.00,7.00,0.00,3.40,3.80
1872.00,30129.00,431.82,432.16,6.00,7.00,0.00,3.40,3.80
1879.00,30131.00,431.81,432.18,7.00,7.00,0.00,3.40,3.80
1848.00,30124.00,431.82,432.06,6.00,6.00,0.00,3.40,3.80
1749.00,27786.00,431.84,432.04,7.00,7.00,0.00,3.40,3.80
1893.00,30108.00,431.86,432.13,6.00,7.00,0.00,3.40,3.80
1891.00,30149.00,431.87,432.05,6.00,7.00,0.00,3.40,3.80
1883.00,30127.00,431.81,432.14,7.00,7.00,0.00,3.40,3.80
1736.00,27814.00,431.78,432.11,6.00,7.00,0.00,3.40,3.80
1879.00,30117.00,431.77,432.17,7.00,7.00,0.00,3.40,3.80
1891.00,30099.00,431.82,432.13,6.00,7.00,0.00,3.40,3.80
1881.00,30117.00,431.89,432.07,7.00,7.00,0.00,3.40,3.80
1860.00,30129.00,431.89,432.11,6.00,7.00,0.00,3.40,3.80
1888.00,30131.00,431.75,432.13,7.00,7.00,0.00,3.40,3.80
1897.00,30128.00,431.92,432.04,6.00,7.00,0.00,3.40,3.80
1883.00,30129.00,431.87,432.12,6.00,7.00,0.00,3.40,3.80
1854.00,30132.00,431.76,432.17,7.00,7.00,0.00,3.40,3.80
1899.00,30129.00,431.89,432.07,6.00,7.00,0.00,3.40,3.80
1735.00,27795.00,431.88,432.14,7.00,7.00,0.00,3.40,3.80
1892.00,30123.00,431.84,432.16,6.00,6.00,0.00,3.40,3.80
1865.00,30111.00,431.89,432.13,7.00,7.00,0.00,3.40,3.80
1890.00,30112.00,431.85,432.17,6.00,7.00,0.00,3.40,3.80
