79.00,79.00,784.81,784.81,6.00,6.00,1.00,0.00,0.80
14.00,14.00,785.71,785.71,6.00,6.00,1.00,0.00,0.80
10.00,10.00,700.00,700.00,6.00,6.00,1.00,0.00,0.80
65.00,65.00,784.62,784.62,7.00,7.00,1.00,0.00,0.80
18.50,19.00,757.31,777.78,6.00,6.00,1.00,0.00,0.80
63.00,63.00,777.78,777.78,6.00,6.00,1.00,0.00,0.80
16.50,31.00,637.10,774.19,6.00,6.00,1.00,0.00,1.20
18.00,18.00,777.78,777.78,6.00,6.00,1.00,0.00,0.80
19.50,20.00,794.74,800.00,6.00,6.00,1.00,0.00,1.20
33.50,61.00,726.78,786.89,6.00,6.00,1.00,0.00,1.20
13.00,13.00,769.23,769.23,6.00,6.00,1.00,0.00,0.80
32.00,32.00,781.25,781.25,6.00,6.00,1.00,0.00,0.80
20.00,40.00,775.00,800.00,6.00,6.00,1.00,0.00,1.60
27.50,30.00,783.33,800.00,6.00,6.00,1.00,0.00,1.20
29.50,48.00,749.05,770.83,6.00,6.00,1.00,0.00,1.20
7.00,7.00,714.29,714.29,6.00,6.00,1.00,0.00,0.80
5.00,5.00,600.00,600.00,6.00,6.00,1.00,0.00,0.80
17.00,17.00,764.71,764.71,6.00,6.00,1.00,0.00,0.80
22.00,22.00,772.73,772.73,6.00,6.00,1.00,0.00,0.80
5.00,5.00,600.00,600.00,6.00,6.00,1.00,0.00,0.80
13.00,17.00,771.24,777.78,6.00,6.00,1.00,0.00,1.20
34.50,44.00,786.36,800.00,7.00,7.00,1.00,0.00,1.20
16.50,18.00,788.89,800.00,6.00,6.00,1.00,0.00,1.20
18.00,18.00,777.78,777.78,6.00,6.00,1.00,0.00,0.80
6.00,6.00,666.67,666.67,6.00,6.00,1.00,0.00,0.80
21.00,21.00,761.90,761.90,6.00,6.00,1.00,0.00,0.80
1.00,1.00,1000.00,1000.00,6.00,6.00,1.00,0.00,0.80
40.00,60.00,766.67,783.33,6.00,6.00,1.00,0.00,1.20
62.00,62.00,790.32,790.32,6.00,6.00,1.00,0.00,0.80
3.00,3.00,666.67,666.67,6.00,6.00,1.00,0.00,0.80
24.00,37.00,750.00,783.78,6.00,6.00,1.00,0.00,1.60
24.00,27.00,791.67,812.50,6.00,6.00,1.00,0.00,1.60
14.00,14.00,785.71,785.71,6.00,6.00,1.00,0.00,0.80
39.00,39.00,769.23,769.23,6.00,6.00,1.00,0.00,0.80
2.00,2.00,500.00,500.00,6.00,6.00,1.00,0.00,0.80
30.50,49.00,762.76,775.51,6.00,6.00,1.00,0.00,1.20
18.50,23.00,784.16,785.71,6.50,7.00,1.00,0.00,1.20
26.00,26.00,769.23,769.23,6.00,6.00,1.00,0.00,0.80
13.50,18.00,777.78,777.78,6.00,6.00,1.00,0.00,1.20
70.00,70.00,771.43,771.43,6.00,6.00,1.00,0.00,0.80
35.00,35.00,771.43,771.43,6.00,6.00,1.00,0.00,0.80
63.00,63.00,777.78,777.78,6.00,6.00,1.00,0.00,0.80
12.00,12.00,750.00,750.00,6.00,6.00,1.00,0.00,0.80
30.00,50.00,790.00,800.00,6.00,6.00,1.00,0.00,1.20
31.00,31.00,774.19,774.19,6.00,6.00,1.00,0.00,0.80
27.00,27.00,777.78,777.78,6.00,6.00,1.00,0.00,0.80
35.00,35.00,771.43,771.43,6.00,6.00,1.00,0.00,0.80
63.00,63.00,777.78,777.78,6.00,6.00,1.00,0.00,0.80
65.00,65.00,769.23,769.23,6.00,6.00,1.00,0.00,0.80
43.00,43.00,767.44,767.44,6.00,6.00,1.00,0.00,0.80
25.00,63.00,760.00,777.78,6.00,6.00,1.00,0.00,1.60
46.00,46.00,782.61,782.61,6.00,6.00,1.00,0.00,0.80
12.00,12.00,833.33,833.33,6.00,6.00,1.00,0.00,0.80
31.00,31.00,774.19,774.19,6.00,6.00,1.00,0.00,0.80
19.50,31.00,762.10,774.19,6.00,6.00,1.00,0.00,1.20
17.50,31.00,762.10,774.19,6.00,6.00,1.00,0.00,1.20
6.00,6.00,833.33,833.33,6.00,6.00,1.00,0.00,0.80
18.00,18.00,777.78,777.78,6.00,6.00,1.00,0.00,0.80
13.00,13.00,769.23,769.23,6.00,6.00,1.00,0.00,0.80
11.00,16.00,739.58,812.50,6.00,6.00,1.00,0.00,1.20
36.00,70.00,642.86,785.71,6.00,6.00,1.00,0.00,1.20
60.00,60.00,783.33,783.33,6.00,6.00,1.00,0.00,0.80
15.00,15.00,733.33,733.33,6.00,6.00,1.00,0.00,0.80
14.00,14.00,785.71,785.71,6.00,6.00,1.00,0.00,0.80
15.00,24.00,812.50,833.33,6.00,6.00,1.00,0.00,1.20
7.00,11.00,742.42,818.18,6.00,6.00,1.00,0.00,1.20
56.00,56.00,785.71,785.71,7.00,7.00,1.00,0.00,0.80
39.00,63.00,755.56,777.78,6.00,6.00,1.00,0.00,1.20
63.00,63.00,777.78,777.78,6.00,6.00,1.00,0.00,0.80
37.00,63.00,752.53,777.78,6.00,6.00,1.00,0.00,1.20
63.00,63.00,777.78,777.78,6.00,6.00,1.00,0.00,0.80
19.00,19.00,789.47,789.47,6.00,6.00,1.00,0.00,0.80
14.00,14.00,714.29,714.29,6.00,6.00,1.00,0.00,0.80
4.00,4.00,750.00,750.00,6.00,6.00,1.00,0.00,0.80
63.00,63.00,793.65,793.65,6.00,6.00,1.00,0.00,0.80
63.00,63.00,777.78,777.78,6.00,6.00,1.00,0.00,0.80
18.00,18.00,777.78,777.78,6.00,6.00,1.00,0.00,0.80
4.00,4.00,750.00,750.00,6.00,6.00,1.00,0.00,0.80
60.00,62.00,783.09,790.32,6.00,6.00,1.00,0.00,1.20
4.00,4.00,750.00,750.00,6.00,6.00,1.00,0.00,0.80
4.00,19.00,750.00,789.47,6.00,6.00,1.00,0.00,1.60
30.00,43.00,766.07,767.44,6.00,6.00,1.00,0.00,1.20
12.00,12.00,750.00,750.00,6.00,6.00,1.00,0.00,0.80
45.00,45.00,777.78,777.78,6.00,6.00,1.00,0.00,0.80
14.50,22.00,772.73,857.14,6.00,6.00,1.00,0.00,1.20
24.50,25.00,775.83,791.67,6.00,6.00,1.00,0.00,0.80
63.00,63.00,777.78,777.78,6.00,6.00,1.00,0.00,0.80
63.00,63.00,777.78,777.78,6.00,6.00,1.00,0.00,0.80
17.00,17.00,764.71,764.71,6.00,6.00,1.00,0.00,0.80
1.50,2.00,1000.00,1000.00,6.00,7.00,1.00,0.00,1.20
26.00,26.00,788.46,807.69,6.00,6.00,1.00,0.00,0.80
28.00,28.00,785.71,785.71,7.00,7.00,1.00,0.00,0.80
13.00,13.00,769.23,769.23,6.00,6.00,1.00,0.00,0.80
62.00,62.00,790.32,790.32,6.00,6.00,1.00,0.00,0.80
4.00,4.00,750.00,750.00,6.00,6.00,1.00,0.00,0.80
18.50,31.00,803.76,833.33,6.00,6.00,1.00,0.00,1.20
77.00,77.00,779.22,779.22,6.00,6.00,1.00,0.00,0.80
62.00,62.00,774.19,774.19,6.00,6.00,1.00,0.00,0.80
44.00,50.00,780.00,1000.00,6.00,6.00,1.00,0.00,1.60
21.00,22.00,761.36,772.73,6.00,6.00,1.00,0.00,1.20
35.50,38.00,773.52,789.47,6.00,6.00,1.00,0.00,1.20
3.00,35.00,800.00,1000.00,6.00,6.00,1.00,0.00,1.60
6.00,6.00,833.33,833.33,6.00,6.00,1.00,0.00,0.80
14.00,63.00,769.23,777.78,6.00,6.00,1.00,0.00,1.60
13.50,16.00,815.34,818.18,6.00,6.00,1.00,0.00,1.20
6.00,6.00,666.67,666.67,6.00,6.00,1.00,0.00,0.80
34.00,62.00,811.83,833.33,6.00,6.00,1.00,0.00,1.20
43.00,43.00,767.44,767.44,6.00,6.00,1.00,0.00,0.80
14.50,19.00,718.42,736.84,6.00,6.00,1.00,0.00,1.20
12.50,16.00,795.14,812.50,6.00,6.00,1.00,0.00,1.20
19.00,19.00,789.47,789.47,6.00,6.00,1.00,0.00,1.20
1.50,2.00,1000.00,1000.00,6.00,6.00,1.00,0.00,1.20
39.00,62.00,793.35,812.50,6.00,6.00,1.00,0.00,1.20
30.00,30.00,766.67,766.67,6.00,6.00,1.00,0.00,0.80
11.00,11.00,727.27,727.27,6.00,6.00,1.00,0.00,0.80
14.00,14.00,714.29,714.29,6.00,6.00,1.00,0.00,0.80
1.00,1.00,1000.00,1000.00,6.00,6.00,1.00,0.00,0.80
29.00,48.00,791.67,793.10,7.00,7.00,1.00,0.00,1.60
20.50,27.00,746.03,777.78,6.00,6.00,1.00,0.00,1.20
21.00,41.00,761.90,780.49,6.00,6.00,1.00,0.00,1.60
33.50,37.00,791.89,800.00,6.00,6.00,1.00,0.00,1.20
11.00,11.00,818.18,818.18,6.00,6.00,1.00,0.00,0.80
1.00,1.00,1000.00,1000.00,6.00,6.00,1.00,0.00,0.80
18.00,26.00,784.62,800.00,6.00,6.00,1.00,0.00,1.20
31.00,31.00,774.19,774.19,6.00,6.00,1.00,0.00,0.80
12.00,12.00,833.33,833.33,6.00,6.00,1.00,0.00,0.80
6.00,6.00,833.33,833.33,6.00,6.00,1.00,0.00,0.80
35.00,35.00,771.43,771.43,6.00,6.00,1.00,0.00,0.80
63.00,63.00,777.78,777.78,6.00,6.00,1.00,0.00,0.80
18.00,18.00,777.78,777.78,6.00,6.00,1.00,0.00,0.80
52.00,52.00,788.46,788.46,6.00,6.00,1.00,0.00,0.80
40.00,40.00,775.00,775.00,6.00,6.00,1.00,0.00,0.80
38.00,38.00,789.47,789.47,6.00,6.00,1.00,0.00,0.80
62.00,62.00,774.19,774.19,6.00,6.00,1.00,0.00,0.80
24.00,24.00,750.00,750.00,6.00,6.00,1.00,0.00,1.20
4.00,5.00,733.33,800.00,6.00,6.00,1.00,0.00,1.20
12.50,19.00,728.07,789.47,6.00,6.00,1.00,0.00,1.20
16.00,16.00,812.50,812.50,6.00,6.00,1.00,0.00,0.80
44.50,62.00,775.99,777.78,6.00,6.00,1.00,0.00,1.20
3.00,3.00,666.67,666.67,6.00,6.00,1.00,0.00,1.20
35.00,60.00,741.67,783.33,6.00,6.00,1.00,0.00,1.20
30.50,36.00,788.89,800.00,6.00,6.00,1.00,0.00,1.20
15.00,15.00,800.00,800.00,6.00,6.00,1.00,0.00,0.80
19.00,31.00,744.24,774.19,6.00,6.00,1.00,0.00,1.20
19.50,35.00,775.00,800.00,6.00,6.00,1.00,0.00,1.20
6.00,6.00,833.33,833.33,6.00,6.00,1.00,0.00,0.80
25.00,25.00,800.00,800.00,6.00,6.00,1.00,0.00,0.80
23.00,23.00,782.61,782.61,6.00,6.00,1.00,0.00,0.80
33.00,33.00,787.88,787.88,6.00,6.00,1.00,0.00,0.80
66.00,66.00,787.88,787.88,6.00,6.00,1.00,0.00,0.80
13.00,13.00,769.23,769.23,6.00,6.00,1.00,0.00,0.80
19.00,21.00,785.71,789.47,6.00,6.00,1.00,0.00,1.60
17.00,26.00,778.85,807.69,6.00,6.00,1.00,0.00,1.20
10.50,19.00,644.74,789.47,6.00,6.00,1.00,0.00,1.20
12.00,12.00,750.00,750.00,6.00,6.00,1.00,0.00,0.80
53.00,53.00,792.45,792.45,6.00,6.00,1.00,0.00,0.80
25.00,25.00,760.00,760.00,6.00,6.00,1.00,0.00,0.80
62.00,62.00,774.19,774.19,6.00,6.00,1.00,0.00,0.80
13.50,15.00,741.67,750.00,6.00,6.00,1.00,0.00,1.20
40.50,71.00,737.32,774.65,6.00,6.00,1.00,0.00,1.20
62.00,62.00,790.32,790.32,6.00,6.00,1.00,0.00,0.80
4.00,4.00,750.00,750.00,6.00,6.00,1.00,0.00,0.80
16.00,16.00,812.50,812.50,6.00,6.00,1.00,0.00,0.80
41.00,41.00,780.49,780.49,6.00,6.00,1.00,0.00,0.80
13.00,22.00,761.36,772.73,6.00,6.00,1.00,0.00,1.20
16.00,16.00,750.00,750.00,6.00,6.00,1.00,0.00,0.80
63.00,63.00,777.78,777.78,6.00,6.00,1.00,0.00,0.80
62.00,62.00,774.19,774.19,6.00,6.00,1.00,0.00,0.80
63.00,63.00,777.78,777.78,6.00,6.00,1.00,0.00,0.80
41.50,63.00,771.83,793.65,6.00,6.00,1.00,0.00,1.20
5.00,5.00,800.00,800.00,6.00,6.00,1.00,0.00,0.80
61.00,61.00,770.49,770.49,6.00,6.00,1.00,0.00,0.80
14.00,14.00,714.29,714.29,6.00,6.00,1.00,0.00,0.80
18.50,29.00,754.31,758.62,6.00,6.00,1.00,0.00,1.20
6.00,6.00,833.33,833.33,6.00,6.00,1.00,0.00,0.80
63.00,63.00,777.78,777.78,6.00,6.00,1.00,0.00,0.80
51.00,51.00,784.31,784.31,6.00,6.00,1.00,0.00,0.80
37.00,62.00,762.10,774.19,6.00,6.00,1.00,0.00,1.20
48.00,48.00,791.67,791.67,6.00,6.00,1.00,0.00,0.80
15.00,15.00,800.00,800.00,6.00,6.00,1.00,0.00,0.80
60.00,60.00,783.33,783.33,6.00,6.00,1.00,0.00,0.80
54.00,73.00,776.13,780.82,6.00,6.00,1.00,0.00,1.20
59.00,59.00,779.66,779.66,6.00,6.00,1.00,0.00,0.80
31.00,31.00,774.19,774.19,6.00,6.00,1.00,0.00,0.80
18.00,18.00,777.78,777.78,6.00,6.00,1.00,0.00,0.80
5.00,5.00,800.00,800.00,6.00,6.00,1.00,0.00,0.80
57.00,57.00,789.47,789.47,6.00,6.00,1.00,0.00,0.80
13.00,25.00,880.00,1000.00,6.00,6.00,1.00,0.00,1.20
44.00,44.00,772.73,772.73,6.00,6.00,1.00,0.00,0.80
13.00,13.00,769.23,769.23,6.00,6.00,1.00,0.00,0.80
63.00,63.00,777.78,777.78,5.50,6.00,1.00,0.00,0.80
15.50,25.00,796.67,833.33,7.00,7.00,1.00,0.00,1.20
63.00,63.00,777.78,777.78,6.00,6.00,1.00,0.00,0.80
14.00,18.00,738.89,777.78,6.00,6.00,1.00,0.00,1.20
12.00,12.00,750.00,750.00,6.00,6.00,1.00,0.00,0.80
35.00,35.00,771.43,771.43,6.00,6.00,1.00,0.00,0.80
12.50,19.00,728.07,789.47,6.00,6.00,1.00,0.00,1.20
16.00,16.00,750.00,750.00,6.00,6.00,1.00,0.00,0.80
8.00,8.00,750.00,750.00,6.00,6.00,1.00,0.00,0.80
45.50,63.00,763.89,777.78,6.00,6.00,1.00,0.00,1.20
74.00,74.00,783.78,783.78,6.00,6.00,1.00,0.00,0.80
21.00,21.00,761.90,761.90,6.00,6.00,1.00,0.00,0.80
78.50,94.00,777.19,777.78,6.00,6.00,1.00,0.00,1.20
36.00,63.00,777.78,777.78,6.00,6.00,1.00,0.00,1.20
24.00,32.00,796.88,812.50,6.00,6.00,1.00,0.00,1.20
10.00,19.00,750.00,789.47,6.00,6.00,1.00,0.00,1.60
20.00,20.00,800.00,800.00,6.00,6.00,1.00,0.00,1.20
28.00,28.00,750.00,750.00,6.00,6.00,1.00,0.00,0.80
28.00,43.00,779.96,790.70,6.00,6.00,1.00,0.00,1.20
29.00,37.00,796.65,809.52,6.00,6.00,1.00,0.00,1.20
42.00,42.00,785.71,785.71,6.00,6.00,1.00,0.00,0.80
36.00,36.00,777.78,777.78,6.00,6.00,1.00,0.00,0.80
21.00,21.00,761.90,761.90,6.00,6.00,1.00,0.00,0.80
10.00,10.00,700.00,700.00,6.00,6.00,1.00,0.00,0.80
62.00,62.00,790.32,790.32,6.00,6.00,1.00,0.00,0.80
27.00,27.00,777.78,777.78,6.00,6.00,1.00,0.00,0.80
57.00,69.00,780.19,782.61,6.00,6.00,1.00,0.00,1.20
19.50,22.00,768.72,772.73,6.00,6.00,1.00,0.00,1.20
18.00,18.00,777.78,777.78,6.00,6.00,1.00,0.00,0.80
19.50,35.00,760.71,771.43,6.00,6.00,1.00,0.00,1.20
24.00,24.00,791.67,791.67,6.00,6.00,1.00,0.00,0.80
17.00,17.00,764.71,764.71,6.00,6.00,1.00,0.00,0.80
19.00,19.00,789.47,789.47,6.00,6.00,1.00,0.00,0.80
63.00,63.00,777.78,777.78,6.00,6.00,1.00,0.00,0.80
12.50,22.00,719.70,772.73,6.00,6.00,1.00,0.00,1.20
14.00,14.00,785.71,785.71,6.00,6.00,1.00,0.00,0.80
40.00,40.00,775.00,775.00,6.00,6.00,1.00,0.00,0.80
72.00,72.00,791.67,791.67,6.00,6.00,1.00,0.00,0.80
4.00,4.00,750.00,750.00,6.00,6.00,1.00,0.00,0.80
18.00,25.00,763.64,800.00,6.00,6.00,1.00,0.00,1.20
45.00,74.00,798.14,812.50,6.00,6.00,1.00,0.00,1.20
7.00,7.00,714.29,714.29,6.00,6.00,1.00,0.00,0.80
21.00,28.00,785.71,785.71,6.00,6.00,1.00,0.00,1.20
21.00,21.00,761.90,761.90,6.00,6.00,1.00,0.00,0.80
15.00,15.00,800.00,800.00,6.00,6.00,1.00,0.00,0.80
53.00,53.00,773.58,773.58,6.00,6.00,1.00,0.00,0.80
83.00,83.00,783.13,783.13,6.00,6.00,1.00,0.00,0.80
60.00,60.00,783.33,783.33,6.00,6.00,1.00,0.00,0.80
49.00,49.00,775.51,775.51,6.00,6.00,1.00,0.00,0.80
19.00,19.00,789.47,789.47,6.00,6.00,1.00,0.00,0.80
2.00,2.00,500.00,500.00,6.00,6.00,1.00,0.00,0.80
61.00,61.00,786.89,786.89,6.00,6.00,1.00,0.00,0.80
8.00,8.00,750.00,750.00,6.00,6.00,1.00,0.00,0.80
21.00,31.00,750.73,774.19,6.00,6.00,1.00,0.00,1.20
52.00,52.00,788.46,788.46,6.00,6.00,1.00,0.00,0.80
7.00,7.00,714.29,714.29,6.00,6.00,1.00,0.00,0.80
9.00,9.00,777.78,777.78,6.00,6.00,1.00,0.00,0.80
47.00,47.00,787.23,787.23,6.00,6.00,1.00,0.00,0.80
20.00,20.00,750.00,750.00,6.00,6.00,1.00,0.00,0.80
20.00,20.00,800.00,800.00,6.00,6.00,1.00,0.00,0.80
21.50,27.00,795.14,812.50,6.00,6.00,1.00,0.00,1.20
30.50,47.00,765.96,769.23,6.00,6.00,1.00,0.00,1.20
27.00,27.00,777.78,777.78,7.00,7.00,1.00,0.00,0.80
63.00,63.00,777.78,777.78,6.50,7.00,1.00,0.00,0.80
23.00,23.00,782.61,782.61,6.00,6.00,1.00,0.00,0.80
47.00,47.00,787.23,787.23,6.00,6.00,1.00,0.00,0.80
13.00,15.00,730.30,733.33,6.00,6.00,1.00,0.00,1.20
13.00,17.00,771.24,777.78,6.00,6.00,1.00,0.00,1.20
31.50,58.00,796.55,800.00,6.00,6.00,1.00,0.00,1.20
10.50,18.00,722.22,777.78,6.00,6.00,1.00,0.00,1.20
43.00,43.00,790.70,790.70,6.00,6.00,1.00,0.00,0.80
37.00,37.00,783.78,783.78,6.00,6.00,1.00,0.00,0.80
20.50,29.00,771.55,793.10,6.00,6.00,1.00,0.00,1.20
12.50,24.00,895.83,1000.00,6.00,6.00,1.00,0.00,1.20
39.00,39.00,769.23,769.23,6.00,6.00,1.00,0.00,0.80
16.00,20.00,750.00,833.33,6.00,6.00,1.00,0.00,1.60
44.00,73.00,790.41,800.00,6.00,6.00,1.00,0.00,1.20
40.00,40.00,775.00,775.00,6.00,6.00,1.00,0.00,0.80
1.00,1.00,1000.00,1000.00,6.00,6.00,1.00,0.00,0.80
63.00,63.00,777.78,777.78,6.00,6.00,1.00,0.00,0.80
41.00,41.00,780.49,780.49,6.00,6.00,1.00,0.00,0.80
54.00,54.00,777.78,777.78,6.00,6.00,1.00,0.00,0.80
4.50,8.00,875.00,1000.00,6.00,6.00,1.00,0.00,1.20
28.00,28.00,750.00,750.00,6.00,6.00,1.00,0.00,0.80
18.00,18.00,777.78,777.78,6.00,6.00,1.00,0.00,0.80
13.00,13.00,769.23,769.23,6.00,6.00,1.00,0.00,0.80
34.00,34.00,779.41,794.12,6.00,6.00,1.00,0.00,0.80
2.00,2.00,500.00,500.00,6.00,6.00,1.00,0.00,0.80
14.00,23.00,791.30,800.00,6.00,6.00,1.00,0.00,1.20
12.00,13.00,748.25,769.23,6.00,6.00,1.00,0.00,1.20
11.00,11.00,818.18,818.18,6.00,6.00,1.00,0.00,0.80
63.00,63.00,793.65,793.65,6.00,6.00,1.00,0.00,0.80
19.00,19.00,789.47,789.47,6.00,6.00,1.00,0.00,0.80
5.00,5.00,800.00,800.00,6.00,6.00,1.00,0.00,0.80
13.00,13.00,769.23,769.23,6.00,6.00,1.00,0.00,0.80
37.00,37.00,783.78,783.78,6.00,6.00,1.00,0.00,0.80
4.00,4.00,750.00,750.00,6.00,6.00,1.00,0.00,0.80
11.00,11.00,727.27,727.27,6.00,6.00,1.00,0.00,0.80
11.00,11.00,727.27,727.27,6.00,6.00,1.00,0.00,0.80
10.00,18.00,638.89,777.78,6.00,6.00,1.00,0.00,1.20
17.00,17.00,764.71,764.71,6.00,6.00,1.00,0.00,0.80
12.00,12.00,750.00,750.00,6.00,6.00,1.00,0.00,0.80
12.00,12.00,750.00,750.00,6.00,6.00,1.00,0.00,0.80
29.00,29.00,793.10,793.10,6.00,6.00,1.00,0.00,0.80
12.00,12.00,750.00,750.00,6.00,6.00,1.00,0.00,0.80
7.00,7.00,857.14,857.14,6.00,6.00,1.00,0.00,0.80
17.00,17.00,764.71,764.71,6.00,6.00,1.00,0.00,0.80
13.00,13.00,769.23,769.23,6.00,6.00,1.00,0.00,0.80
30.50,56.00,792.86,800.00,6.00,6.00,1.00,0.00,1.20
6.50,10.00,683.33,700.00,6.00,6.00,1.00,0.00,1.20
41.50,56.00,781.75,785.71,6.00,6.00,1.00,0.00,1.20
42.00,42.00,785.71,785.71,6.00,6.00,1.00,0.00,0.80
35.00,35.00,800.00,800.00,6.00,6.00,1.00,0.00,0.80
14.00,14.00,714.29,714.29,6.00,6.00,1.00,0.00,0.80
2.50,3.00,833.33,1000.00,6.00,6.00,1.00,0.00,1.20
27.50,35.00,760.71,771.43,6.00,6.00,1.00,0.00,1.20
28.00,28.00,785.71,785.71,6.00,6.00,1.00,0.00,0.80
11.00,11.00,727.27,727.27,6.00,6.00,1.00,0.00,0.80
6.00,6.00,833.33,833.33,6.00,6.00,1.00,0.00,0.80
18.50,19.00,783.63,789.47,6.00,6.00,1.00,0.00,1.20
70.00,70.00,771.43,771.43,6.00,6.00,1.00,0.00,0.80
16.00,16.00,812.50,812.50,6.00,6.00,1.00,0.00,0.80
13.00,13.00,769.23,769.23,6.00,6.00,1.00,0.00,0.80
7.00,7.00,714.29,714.29,6.00,6.00,1.00,0.00,0.80
23.00,23.00,782.61,782.61,6.00,6.00,1.00,0.00,0.80
24.00,24.00,750.00,750.00,6.00,6.00,1.00,0.00,0.80
27.00,27.00,777.78,777.78,6.00,6.00,1.00,0.00,0.80
55.00,63.00,771.87,777.78,6.00,6.00,1.00,0.00,1.20
6.00,6.00,833.33,833.33,6.00,6.00,1.00,0.00,0.80
34.50,49.00,772.96,795.92,6.00,6.00,1.00,0.00,1.20
