31.00,31.00,774.19,774.19,6.00,6.00,1.00,0.00,0.80
24.00,45.00,722.22,777.78,7.00,7.00,1.00,0.00,1.20
15.00,23.00,748.45,782.61,6.00,6.00,1.00,0.00,1.20
17.00,18.00,764.71,777.78,6.00,6.00,1.00,0.00,1.60
12.00,12.00,750.00,750.00,6.00,6.00,1.00,0.00,0.80
33.00,47.00,788.35,789.47,7.00,7.00,1.00,0.00,1.20
14.00,16.00,785.71,812.50,6.00,6.00,1.00,0.00,1.60
42.50,50.00,775.71,780.00,6.00,6.00,1.00,0.00,1.20
14.00,14.00,785.71,785.71,6.00,6.00,1.00,0.00,0.80
24.00,24.00,791.67,791.67,6.00,6.00,1.00,0.00,0.80
63.00,63.00,777.78,777.78,6.00,6.00,1.00,0.00,0.80
19.00,21.00,787.11,809.52,6.00,6.00,1.00,0.00,1.20
40.00,71.00,776.21,777.78,6.00,6.00,1.00,0.00,1.20
6.00,6.00,666.67,666.67,6.00,6.00,1.00,0.00,0.80
12.50,13.00,759.62,769.23,6.00,6.00,1.00,0.00,1.20
12.00,12.00,750.00,750.00,6.00,6.00,1.00,0.00,0.80
30.00,32.00,783.48,785.71,6.00,6.00,1.00,0.00,1.20
3.00,3.00,666.67,666.67,6.00,6.00,1.00,0.00,1.20
19.00,19.00,736.84,736.84,6.00,6.00,1.00,0.00,0.80
43.00,43.00,767.44,767.44,6.00,6.00,1.00,0.00,0.80
44.00,44.00,772.73,772.73,6.00,6.00,1.00,0.00,0.80
17.00,17.00,764.71,764.71,6.00,6.00,1.00,0.00,0.80
27.00,27.00,777.78,777.78,6.00,6.00,1.00,0.00,0.80
29.00,29.00,793.10,793.10,6.00,6.00,1.00,0.00,0.80
11.00,11.00,818.18,818.18,6.00,6.00,1.00,0.00,0.80
2.00,2.00,500.00,500.00,6.00,6.00,1.00,0.00,0.80
12.50,17.00,757.35,764.71,6.00,6.00,1.00,0.00,1.20
49.00,63.00,782.54,793.65,6.00,6.00,1.00,0.00,1.20
40.00,63.00,771.24,777.78,6.00,6.00,1.00,0.00,1.20
32.00,32.00,781.25,781.25,6.00,6.00,1.00,0.00,0.80
49.50,65.00,774.66,784.62,6.00,6.00,1.00,0.00,1.20
39.00,62.00,801.41,812.50,6.00,6.00,1.00,0.00,1.20
46.00,63.00,768.20,777.78,6.00,6.00,1.00,0.00,1.20
6.00,6.00,833.33,833.33,6.00,6.00,1.00,0.00,0.80
19.00,19.00,789.47,789.47,6.00,6.00,1.00,0.00,0.80
37.00,37.00,783.78,783.78,6.00,6.00,1.00,0.00,0.80
51.00,51.00,784.31,784.31,6.00,6.00,1.00,0.00,0.80
58.00,58.00,775.86,775.86,6.00,6.00,1.00,0.00,0.80
21.50,33.00,743.94,787.88,6.00,6.00,1.00,0.00,1.20
34.00,59.00,778.72,779.66,6.00,6.00,1.00,0.00,1.20
11.00,11.00,727.27,727.27,6.00,6.00,1.00,0.00,0.80
26.00,26.00,769.23,769.23,6.00,6.00,1.00,0.00,0.80
33.00,63.00,777.78,787.88,6.00,6.00,1.00,0.00,1.60
4.00,63.00,750.00,777.78,6.00,6.00,1.00,0.00,1.60
23.50,26.00,784.80,807.69,6.00,6.00,1.00,0.00,1.20
42.00,67.00,770.41,776.12,6.00,6.00,1.00,0.00,1.20
18.00,22.00,779.22,785.71,6.00,6.00,1.00,0.00,1.20
18.00,18.00,777.78,777.78,6.00,6.00,1.00,0.00,0.80
31.00,31.00,774.19,774.19,6.00,6.00,1.00,0.00,0.80
12.00,12.00,750.00,750.00,7.00,7.00,1.00,0.00,0.80
27.00,27.00,777.78,777.78,6.00,6.00,1.00,0.00,0.80
25.00,25.00,800.00,800.00,6.00,6.00,1.00,0.00,0.80
31.00,31.00,774.19,774.19,6.00,6.00,1.00,0.00,0.80
31.00,31.00,774.19,774.19,6.00,6.00,1.00,0.00,0.80
10.00,10.00,700.00,700.00,6.00,6.00,1.00,0.00,0.80
31.00,31.00,774.19,774.19,6.00,6.00,1.00,0.00,0.80
22.50,26.00,753.04,769.23,6.00,6.00,1.00,0.00,1.20
18.50,22.00,753.03,772.73,6.00,6.00,1.00,0.00,1.20
7.00,7.00,714.29,714.29,6.00,6.00,1.00,0.00,0.80
6.00,6.00,833.33,833.33,6.00,6.00,1.00,0.00,0.80
18.00,18.00,777.78,777.78,6.00,6.00,1.00,0.00,0.80
53.00,63.00,784.24,790.70,6.00,6.00,1.00,0.00,1.20
23.50,41.00,806.91,833.33,6.00,6.00,1.00,0.00,1.20
13.00,13.00,769.23,769.23,6.00,6.00,1.00,0.00,0.80
15.00,16.00,799.11,812.50,6.00,6.00,1.00,0.00,1.20
52.50,62.00,782.45,790.70,6.00,6.00,1.00,0.00,1.20
6.50,7.00,845.24,857.14,6.00,6.00,1.00,0.00,1.20
16.00,16.00,812.50,812.50,6.00,6.00,1.00,0.00,0.80
34.50,55.00,783.77,785.71,6.00,6.00,1.00,0.00,1.20
13.50,16.00,738.64,750.00,6.00,6.00,1.00,0.00,1.20
1.00,1.00,1000.00,1000.00,6.00,6.00,1.00,0.00,0.80
34.50,64.00,790.62,800.00,6.00,6.00,1.00,0.00,1.20
25.50,36.00,755.56,777.78,6.00,6.00,1.00,0.00,1.20
21.00,21.00,761.90,761.90,6.00,6.00,1.00,0.00,0.80
27.00,27.00,777.78,777.78,7.00,7.00,1.00,0.00,0.80
21.00,35.00,742.86,771.43,6.00,6.00,1.00,0.00,1.20
38.00,38.00,763.16,763.16,6.00,6.00,1.00,0.00,0.80
24.00,62.00,750.00,774.19,6.00,6.00,1.00,0.00,1.60
18.00,25.00,809.09,818.18,6.00,6.00,1.00,0.00,1.20
62.00,62.00,790.32,790.32,6.00,6.00,1.00,0.00,0.80
39.50,63.00,763.89,777.78,6.00,6.00,1.00,0.00,1.20
11.00,11.00,727.27,727.27,6.00,6.00,1.00,0.00,0.80
42.50,63.00,775.25,777.78,6.00,6.00,1.00,0.00,1.20
23.50,41.00,806.91,833.33,6.00,6.00,1.00,0.00,1.20
12.00,28.00,750.00,785.71,6.00,6.00,1.00,0.00,1.60
16.50,18.00,755.56,777.78,6.00,6.00,1.00,0.00,1.20
22.00,22.00,772.73,772.73,6.00,6.00,1.00,0.00,0.80
5.00,5.00,800.00,800.00,6.00,6.00,1.00,0.00,0.80
22.00,22.00,772.73,772.73,6.00,6.00,1.00,0.00,0.80
25.00,25.00,760.00,760.00,6.00,6.00,1.00,0.00,0.80
18.00,20.00,781.25,812.50,6.00,6.00,1.00,0.00,1.20
54.00,54.00,777.78,777.78,6.00,6.00,1.00,0.00,0.80
34.00,41.00,779.13,780.49,6.00,6.00,1.00,0.00,1.20
41.00,41.00,780.49,780.49,6.00,6.00,1.00,0.00,0.80
10.50,12.00,805.56,833.33,6.00,6.00,1.00,0.00,1.20
23.00,33.00,778.55,787.88,6.00,6.00,1.00,0.00,1.20
9.00,9.00,777.78,777.78,6.00,6.00,1.00,0.00,0.80
22.00,22.00,772.73,772.73,6.50,7.00,1.00,0.00,0.80
26.00,26.00,769.23,769.23,6.00,6.00,1.00,0.00,0.80
10.00,15.00,777.78,800.00,6.00,6.00,1.00,0.00,1.60
20.00,26.00,777.47,785.71,6.00,6.00,1.00,0.00,1.20
8.00,8.00,750.00,750.00,6.00,6.00,1.00,0.00,0.80
63.00,63.00,777.78,777.78,6.00,6.00,1.00,0.00,0.80
14.00,18.00,788.89,800.00,6.00,6.00,1.00,0.00,1.20
38.00,38.00,789.47,789.47,6.00,6.00,1.00,0.00,0.80
16.00,25.00,769.23,800.00,6.00,6.00,1.00,0.00,1.60
10.00,44.00,772.73,800.00,6.00,6.00,1.00,0.00,1.60
2.50,3.00,833.33,1000.00,6.00,6.00,1.00,0.00,1.20
18.00,18.00,777.78,777.78,6.00,6.00,1.00,0.00,0.80
46.00,46.00,782.61,782.61,6.00,6.00,1.00,0.00,0.80
25.00,33.00,761.14,764.71,6.00,6.00,1.00,0.00,1.20
30.00,30.00,766.67,766.67,6.00,6.00,1.00,0.00,0.80
6.00,6.00,833.33,833.33,6.00,6.00,1.00,0.00,0.80
23.00,33.00,763.40,769.23,6.00,6.00,1.00,0.00,1.20
29.00,29.00,758.62,758.62,6.00,6.00,1.00,0.00,0.80
29.00,29.00,758.62,758.62,6.00,6.00,1.00,0.00,0.80
2.00,25.00,760.00,1000.00,6.00,6.00,1.00,0.00,1.60
30.00,30.00,766.67,766.67,6.00,6.00,1.00,0.00,0.80
27.00,27.00,777.78,777.78,6.00,6.00,1.00,0.00,0.80
33.00,33.00,787.88,787.88,6.00,6.00,1.00,0.00,0.80
32.50,63.00,638.89,777.78,6.00,6.00,1.00,0.00,1.20
12.00,12.00,750.00,750.00,6.00,6.00,1.00,0.00,0.80
23.00,23.00,782.61,782.61,6.00,6.00,1.00,0.00,0.80
18.50,33.00,768.94,787.88,6.00,6.00,1.00,0.00,1.20
2.00,2.00,500.00,500.00,6.00,6.00,1.00,0.00,0.80
30.50,46.00,791.30,800.00,6.00,6.00,1.00,0.00,1.20
16.00,63.00,777.78,800.00,6.00,6.00,1.00,0.00,1.60
38.00,41.00,790.24,800.00,6.00,6.00,1.00,0.00,1.20
49.00,49.00,795.92,795.92,7.00,7.00,1.00,0.00,0.80
45.00,63.00,777.78,777.78,6.50,7.00,1.00,0.00,1.20
68.00,68.00,779.41,779.41,6.00,6.00,1.00,0.00,0.80
56.00,56.00,785.71,785.71,6.00,6.00,1.00,0.00,0.80
37.00,63.00,752.53,777.78,6.00,6.00,1.00,0.00,1.20
14.50,16.00,759.62,769.23,6.00,6.00,1.00,0.00,1.20
8.00,8.00,750.00,750.00,6.00,6.00,1.00,0.00,0.80
19.00,19.00,789.47,789.47,6.00,6.00,1.00,0.00,0.80
8.00,8.00,750.00,750.00,6.00,6.00,1.00,0.00,1.20
10.00,10.00,800.00,800.00,6.00,6.00,1.00,0.00,1.20
49.00,49.00,795.92,795.92,6.00,6.00,1.00,0.00,0.80
62.00,62.00,774.19,774.19,6.00,6.00,1.00,0.00,0.80
20.00,32.00,781.25,800.00,6.00,6.00,1.00,0.00,1.60
19.00,46.00,789.47,800.00,6.00,6.00,1.00,0.00,1.60
11.50,15.00,741.67,750.00,6.00,6.00,1.00,0.00,1.20
9.00,9.00,777.78,777.78,6.00,6.00,1.00,0.00,0.80
62.00,62.00,790.32,790.32,6.00,6.00,1.00,0.00,0.80
25.00,66.00,761.90,787.88,6.00,6.00,1.00,0.00,1.60
46.00,46.00,782.61,782.61,6.00,6.00,1.00,0.00,0.80
29.00,29.00,793.10,793.10,6.00,6.00,1.00,0.00,0.80
33.00,33.00,757.58,757.58,6.00,6.00,1.00,0.00,0.80
63.00,63.00,777.78,777.78,6.00,6.00,1.00,0.00,0.80
34.00,34.00,794.12,794.12,6.00,6.00,1.00,0.00,0.80
56.00,92.00,766.30,782.61,6.00,6.00,1.00,0.00,1.20
21.00,21.00,761.90,761.90,6.00,6.00,1.00,0.00,0.80
33.50,63.00,763.89,777.78,6.00,6.00,1.00,0.00,1.20
45.00,45.00,777.78,777.78,6.00,6.00,1.00,0.00,0.80
31.00,31.00,774.19,774.19,6.00,6.00,1.00,0.00,0.80
4.00,4.00,750.00,750.00,6.00,6.00,1.00,0.00,0.80
10.50,14.00,750.00,785.71,6.00,6.00,1.00,0.00,1.20
31.50,46.00,773.66,782.61,6.00,6.00,1.00,0.00,1.20
11.00,11.00,818.18,818.18,6.00,6.00,1.00,0.00,0.80
63.00,63.00,777.78,777.78,6.00,6.00,1.00,0.00,0.80
31.00,31.00,774.19,774.19,6.00,6.00,1.00,0.00,0.80
50.00,50.00,780.00,780.00,6.00,6.00,1.00,0.00,0.80
43.00,43.00,790.70,790.70,6.00,6.00,1.00,0.00,0.80
42.00,42.00,785.71,785.71,6.00,6.00,1.00,0.00,0.80
18.00,18.00,777.78,777.78,7.00,7.00,1.00,0.00,0.80
63.00,63.00,777.78,777.78,6.00,6.00,1.00,0.00,0.80
7.00,7.00,714.29,714.29,6.00,6.00,1.00,0.00,0.80
17.00,17.00,764.71,764.71,6.00,6.00,1.00,0.00,0.80
32.00,32.00,781.25,781.25,6.00,6.00,1.00,0.00,0.80
13.00,13.00,769.23,769.23,6.00,6.00,1.00,0.00,0.80
20.50,22.00,781.10,789.47,6.00,6.00,1.00,0.00,1.20
18.00,18.00,777.78,777.78,6.00,6.00,1.00,0.00,0.80
26.00,43.00,772.61,777.78,6.00,6.00,1.00,0.00,1.20
9.00,9.00,777.78,777.78,6.00,6.00,1.00,0.00,0.80
63.00,63.00,777.78,777.78,6.00,6.00,1.00,0.00,0.80
8.00,8.00,750.00,750.00,6.00,6.00,1.00,0.00,0.80
50.00,50.00,780.00,780.00,6.00,6.00,1.00,0.00,0.80
30.00,30.00,766.67,766.67,6.00,6.00,1.00,0.00,0.80
20.50,22.00,754.78,772.73,6.00,6.00,1.00,0.00,1.20
8.00,11.00,763.64,800.00,6.00,6.00,1.00,0.00,1.20
21.00,24.00,761.90,791.67,6.00,6.00,1.00,0.00,1.60
20.00,20.00,750.00,750.00,6.00,6.00,1.00,0.00,0.80
22.00,22.00,772.73,772.73,6.00,6.00,1.00,0.00,0.80
3.50,4.00,708.33,750.00,6.00,6.00,1.00,0.00,1.20
45.50,77.00,782.47,785.71,6.00,6.00,1.00,0.00,1.20
29.00,29.00,758.62,758.62,6.00,6.00,1.00,0.00,0.80
6.00,6.00,833.33,833.33,6.00,6.00,1.00,0.00,0.80
89.00,89.00,775.28,775.28,6.00,6.00,1.00,0.00,0.80
4.00,4.00,750.00,750.00,6.00,6.00,1.00,0.00,0.80
18.00,18.00,777.78,777.78,6.00,6.00,1.00,0.00,0.80
20.00,62.00,774.19,800.00,6.00,6.00,1.00,0.00,1.60
4.00,9.00,750.00,777.78,6.00,6.00,1.00,0.00,1.60
16.00,32.00,750.00,781.25,6.00,6.00,1.00,0.00,1.60
21.00,21.00,761.90,761.90,6.00,6.00,1.00,0.00,0.80
35.50,57.00,787.59,789.47,6.00,6.00,1.00,0.00,1.20
30.50,56.00,783.93,800.00,6.00,6.00,1.00,0.00,1.20
11.00,11.00,727.27,727.27,6.00,6.00,1.00,0.00,0.80
22.50,29.00,771.55,793.10,6.00,6.00,1.00,0.00,1.20
4.00,5.00,733.33,800.00,6.00,6.00,1.00,0.00,1.20
5.00,5.00,600.00,600.00,6.00,6.00,1.00,0.00,0.80
15.00,15.00,800.00,800.00,6.00,6.00,1.00,0.00,0.80
11.00,11.00,727.27,727.27,6.00,6.00,1.00,0.00,0.80
16.00,26.00,801.28,833.33,6.00,6.00,1.00,0.00,1.20
5.00,5.00,600.00,600.00,6.00,6.00,1.00,0.00,0.80
28.00,28.00,785.71,785.71,6.00,6.00,1.00,0.00,0.80
31.00,31.00,774.19,774.19,6.00,6.00,1.00,0.00,0.80
35.00,35.00,771.43,771.43,6.00,6.00,1.00,0.00,0.80
28.00,30.00,787.18,807.69,7.00,7.00,1.00,0.00,1.20
71.00,71.00,774.65,774.65,6.00,6.00,1.00,0.00,0.80
20.00,20.00,800.00,800.00,6.00,6.00,1.00,0.00,0.80
3.00,3.00,666.67,666.67,6.00,6.00,1.00,0.00,0.80
33.00,59.00,818.40,857.14,6.00,6.00,1.00,0.00,1.20
22.50,23.00,777.67,782.61,6.00,6.00,1.00,0.00,1.20
27.00,27.00,777.78,777.78,6.00,6.00,1.00,0.00,0.80
22.50,26.00,798.58,807.69,6.00,6.00,1.00,0.00,1.20
17.50,31.00,762.10,774.19,6.00,6.00,1.00,0.00,1.20
51.00,51.00,784.31,784.31,6.00,6.00,1.00,0.00,0.80
19.00,27.00,752.53,777.78,6.00,6.00,1.00,0.00,1.20
47.00,76.00,783.63,789.47,6.00,6.00,1.00,0.00,1.20
22.00,41.00,723.58,780.49,6.00,6.00,1.00,0.00,1.20
63.00,63.00,777.78,777.78,6.00,6.00,1.00,0.00,0.80
46.50,62.00,782.26,790.32,6.00,6.00,1.00,0.00,1.20
7.00,7.00,714.29,714.29,6.00,6.00,1.00,0.00,0.80
84.00,84.00,773.81,773.81,6.00,6.00,1.00,0.00,0.80
15.50,17.00,739.50,764.71,6.00,6.00,1.00,0.00,1.20
7.00,8.00,791.67,833.33,6.00,6.00,1.00,0.00,1.20
3.00,27.00,666.67,777.78,6.00,6.00,1.00,0.00,1.60
38.00,38.00,763.16,763.16,6.00,6.00,1.00,0.00,1.20
33.00,33.00,787.88,787.88,6.00,6.00,1.00,0.00,0.80
23.50,31.00,762.10,774.19,6.00,6.00,1.00,0.00,1.20
3.00,4.00,625.00,750.00,6.00,6.00,1.00,0.00,1.20
23.00,23.00,782.61,782.61,6.00,6.00,1.00,0.00,0.80
63.00,63.00,777.78,777.78,6.00,6.00,1.00,0.00,1.20
63.00,63.00,777.78,777.78,6.00,6.00,1.00,0.00,1.20
41.00,41.00,780.49,780.49,6.00,6.00,1.00,0.00,0.80
17.50,24.00,759.47,791.67,6.00,6.00,1.00,0.00,1.20
12.50,17.00,757.35,764.71,6.00,6.00,1.00,0.00,1.20
30.00,49.00,761.60,795.92,6.00,6.00,1.00,0.00,1.20
50.00,50.00,780.00,780.00,6.00,6.00,1.00,0.00,0.80
19.50,20.00,794.74,800.00,6.50,7.00,1.00,0.00,1.20
27.00,27.00,777.78,777.78,7.00,7.00,1.00,0.00,0.80
37.00,63.00,752.53,777.78,6.50,7.00,1.00,0.00,1.20
14.00,16.00,781.25,812.50,6.00,6.00,1.00,0.00,1.20
13.00,18.00,763.89,777.78,6.00,6.00,1.00,0.00,1.20
58.50,67.00,778.06,780.00,6.00,6.00,1.00,0.00,1.20
63.00,63.00,777.78,777.78,6.00,6.00,1.00,0.00,0.80
35.00,35.00,771.43,771.43,6.00,6.00,1.00,0.00,0.80
17.00,27.00,746.03,777.78,6.00,6.00,1.00,0.00,1.20
28.00,28.00,785.71,785.71,6.00,6.00,1.00,0.00,0.80
16.00,16.00,812.50,812.50,6.00,6.00,1.00,0.00,0.80
4.00,4.00,750.00,750.00,6.00,6.00,1.00,0.00,0.80
16.50,25.00,775.00,800.00,6.00,6.00,1.00,0.00,1.20
24.00,36.00,763.89,777.78,6.00,6.00,1.00,0.00,1.20
41.00,41.00,780.49,780.49,6.00,6.00,1.00,0.00,0.80
4.00,4.00,750.00,750.00,6.00,6.00,1.00,0.00,0.80
16.00,16.00,750.00,750.00,6.00,6.00,1.00,0.00,0.80
29.00,40.00,776.39,777.78,6.00,6.00,1.00,0.00,1.20
6.50,9.00,763.89,777.78,6.00,6.00,1.00,0.00,1.20
54.00,54.00,777.78,777.78,6.00,6.00,1.00,0.00,0.80
11.50,15.00,741.67,750.00,6.00,6.00,1.00,0.00,1.20
23.50,27.00,788.89,800.00,6.00,6.00,1.00,0.00,1.20
16.00,16.00,750.00,750.00,6.00,6.00,1.00,0.00,0.80
4.00,4.00,750.00,750.00,6.00,6.00,1.00,0.00,0.80
15.00,15.00,733.33,733.33,6.00,6.00,1.00,0.00,0.80
64.00,64.00,781.25,781.25,6.00,6.00,1.00,0.00,0.80
63.00,63.00,793.65,793.65,6.00,6.00,1.00,0.00,0.80
20.00,24.00,750.00,750.00,6.00,6.00,1.00,0.00,1.60
31.00,31.00,774.19,774.19,6.00,6.00,1.00,0.00,0.80
37.00,37.00,783.78,783.78,6.00,6.00,1.00,0.00,0.80
10.00,10.00,700.00,700.00,6.00,6.00,1.00,0.00,0.80
60.00,60.00,783.33,783.33,6.00,6.00,1.00,0.00,0.80
12.00,22.00,636.36,772.73,6.00,6.00,1.00,0.00,1.20
13.00,13.00,769.23,769.23,6.00,6.00,1.00,0.00,0.80
63.00,63.00,777.78,777.78,7.00,7.00,1.00,0.00,0.80
39.00,40.00,782.24,789.47,6.50,7.00,1.00,0.00,1.20
22.00,46.00,772.73,782.61,6.00,6.00,1.00,0.00,1.60
36.00,63.00,777.78,777.78,6.00,6.00,1.00,0.00,1.20
18.00,18.00,777.78,777.78,6.00,6.00,1.00,0.00,0.80
22.00,22.00,772.73,772.73,6.00,6.00,1.00,0.00,0.80
27.00,37.00,777.78,783.78,6.00,6.00,1.00,0.00,1.60
10.00,12.00,750.00,750.00,6.00,6.00,1.00,0.00,1.20
19.00,19.00,789.47,789.47,6.00,6.00,1.00,0.00,0.80
21.00,21.00,761.90,761.90,6.00,6.00,1.00,0.00,0.80
6.00,6.00,833.33,833.33,6.00,6.00,1.00,0.00,0.80
62.50,63.00,784.05,790.32,6.00,6.00,1.00,0.00,1.20
35.00,35.00,771.43,771.43,6.00,6.00,1.00,0.00,0.80
45.50,64.00,779.51,781.25,6.00,6.00,1.00,0.00,1.20
44.00,48.00,772.92,775.00,6.00,6.00,1.00,0.00,1.20
1.00,1.00,1000.00,1000.00,6.00,6.00,1.00,0.00,1.20
7.00,7.00,857.14,857.14,6.00,6.00,1.00,0.00,0.80
23.00,62.00,782.61,790.32,6.00,6.00,1.00,0.00,2.00
17.00,17.00,764.71,764.71,6.00,6.00,1.00,0.00,1.20
4.00,4.00,750.00,750.00,6.00,6.00,1.00,0.00,0.80
20.00,20.00,800.00,800.00,6.00,6.00,1.00,0.00,0.80
37.50,62.00,771.71,774.19,6.00,6.00,1.00,0.00,1.20
15.00,21.00,769.84,777.78,6.00,6.00,1.00,0.00,1.20
34.50,63.00,722.22,777.78,6.00,6.00,1.00,0.00,1.20
63.00,63.00,777.78,777.78,6.00,6.00,1.00,0.00,0.80
63.00,63.00,777.78,777.78,6.00,6.00,1.00,0.00,0.80
20.00,24.00,750.00,750.00,6.00,6.00,1.00,0.00,1.20
33.50,75.00,788.07,791.67,6.50,7.00,1.00,0.00,2.00
24.00,68.00,779.41,791.67,6.00,7.00,1.00,0.00,1.60
21.00,35.00,742.86,771.43,6.50,7.00,1.00,0.00,1.20
34.00,34.00,764.71,764.71,6.00,6.00,1.00,0.00,0.80
24.00,24.00,770.83,791.67,6.00,6.00,1.00,0.00,1.20
24.50,32.00,772.98,781.25,6.00,6.00,1.00,0.00,1.20
4.00,4.00,750.00,750.00,6.00,6.00,1.00,0.00,0.80
41.00,41.00,780.49,780.49,6.00,6.00,1.00,0.00,0.80
17.00,17.00,764.71,764.71,6.00,6.00,1.00,0.00,0.80
16.00,18.00,781.75,785.71,6.00,6.00,1.00,0.00,1.20
6.00,6.00,833.33,833.33,6.00,6.00,1.00,0.00,0.80
12.00,19.00,794.74,800.00,6.00,6.00,1.00,0.00,1.20
40.50,62.00,781.83,789.47,6.00,6.00,1.00,0.00,1.20
28.50,43.00,788.21,790.70,6.00,6.00,1.00,0.00,1.20
48.50,63.00,785.95,794.12,6.00,6.00,1.00,0.00,1.20
20.00,25.00,746.67,760.00,6.00,6.00,1.00,0.00,1.20
23.00,27.00,783.63,789.47,6.00,6.00,1.00,0.00,1.20
20.50,33.00,768.94,787.88,6.00,6.00,1.00,0.00,1.20
30.50,42.00,787.59,789.47,6.00,6.00,1.00,0.00,1.20
18.50,25.00,755.00,760.00,6.00,6.00,1.00,0.00,1.20
10.00,10.00,800.00,800.00,6.00,6.00,1.00,0.00,0.80
3.00,25.00,666.67,760.00,6.00,6.00,1.00,0.00,1.60
21.00,24.00,784.72,791.67,6.00,6.00,1.00,0.00,1.20
47.00,63.00,775.99,777.78,6.00,6.00,1.00,0.00,1.20
30.00,30.00,800.00,800.00,6.00,6.00,1.00,0.00,0.80
15.00,63.00,793.65,800.00,6.00,6.00,1.00,0.00,1.60
45.00,48.00,778.27,785.71,6.00,6.00,1.00,0.00,1.20
87.00,87.00,781.61,781.61,6.00,6.00,1.00,0.00,0.80
5.00,5.00,800.00,800.00,6.00,6.00,1.00,0.00,0.80
45.00,74.00,766.89,783.78,6.00,6.00,1.00,0.00,1.20
25.00,35.00,766.67,800.00,6.00,6.00,1.00,0.00,1.20
76.00,76.00,789.47,789.47,6.00,6.00,1.00,0.00,0.80
63.00,63.00,777.78,777.78,6.00,6.00,1.00,0.00,0.80
15.00,15.00,733.33,733.33,6.00,6.00,1.00,0.00,0.80
32.00,32.00,781.25,781.25,6.00,6.00,1.00,0.00,0.80
21.00,21.00,761.90,761.90,6.00,6.00,1.00,0.00,0.80
6.00,49.00,731.29,1000.00,6.00,6.00,1.00,0.00,2.00
43.00,63.00,777.78,790.70,6.00,7.00,1.00,0.00,1.60
31.00,41.00,771.20,780.49,6.00,6.00,1.00,0.00,1.20
23.00,30.00,789.58,812.50,6.00,6.00,1.00,0.00,1.20
8.50,11.00,696.97,727.27,6.50,7.00,1.00,0.00,1.20
10.00,10.00,800.00,800.00,6.00,6.00,1.00,0.00,0.80
16.00,20.00,775.00,800.00,6.00,6.00,1.00,0.00,1.20
10.00,10.00,800.00,800.00,6.00,6.00,1.00,0.00,0.80
22.00,23.00,772.26,782.61,6.00,6.00,1.00,0.00,1.20
1.00,49.00,1000.00,1000.00,6.00,6.00,1.00,0.00,1.60
