40.00,56.00,758.93,767.86,6.00,6.00,1.00,0.00,1.20
53.00,53.00,773.58,773.58,6.00,6.00,1.00,0.00,0.80
11.00,11.00,727.27,727.27,6.00,6.00,1.00,0.00,0.80
62.00,62.00,790.32,790.32,7.00,7.00,1.00,0.00,0.80
24.00,24.00,791.67,791.67,6.00,6.00,1.00,0.00,0.80
24.00,24.00,791.67,791.67,6.00,6.00,1.00,0.00,0.80
30.00,30.00,766.67,766.67,6.00,6.00,1.00,0.00,0.80
46.50,63.00,788.89,800.00,6.00,6.00,1.00,0.00,1.20
62.00,62.00,774.19,774.19,6.00,6.00,1.00,0.00,0.80
21.00,21.00,761.90,761.90,6.00,6.00,1.00,0.00,0.80
14.00,14.00,785.71,785.71,6.00,6.00,1.00,0.00,0.80
25.00,25.00,760.00,760.00,6.00,6.00,1.00,0.00,0.80
17.00,27.00,746.03,777.78,6.50,7.00,1.00,0.00,1.20
28.00,28.00,785.71,785.71,6.00,6.00,1.00,0.00,0.80
28.00,37.00,760.31,783.78,6.00,6.00,1.00,0.00,1.20
18.00,24.00,750.00,750.00,6.00,6.00,1.00,0.00,1.20
32.00,45.00,757.31,777.78,6.00,6.00,1.00,0.00,1.20
2.50,4.00,875.00,1000.00,6.00,6.00,1.00,0.00,1.20
13.00,13.00,769.23,769.23,6.00,6.00,1.00,0.00,0.80
60.00,60.00,783.33,783.33,6.00,6.00,1.00,0.00,0.80
25.00,30.00,758.33,766.67,6.00,6.00,1.00,0.00,1.20
66.50,70.00,781.75,785.71,6.00,6.00,1.00,0.00,1.20
19.00,19.00,789.47,789.47,6.00,6.00,1.00,0.00,0.80
15.00,15.00,733.33,733.33,6.00,6.00,1.00,0.00,0.80
5.00,5.00,800.00,800.00,6.00,6.00,1.00,0.00,0.80
19.00,31.00,744.24,774.19,6.00,6.00,1.00,0.00,1.20
54.00,54.00,777.78,777.78,6.00,6.00,1.00,0.00,0.80
63.00,63.00,777.78,777.78,6.00,6.00,1.00,0.00,0.80
2.00,2.00,1000.00,1000.00,6.00,6.00,1.00,0.00,0.80
40.50,63.00,777.78,777.78,6.00,6.00,1.00,0.00,1.20
22.00,22.00,772.73,772.73,6.00,6.00,1.00,0.00,0.80
27.50,36.00,783.63,789.47,6.00,6.00,1.00,0.00,1.20
31.00,49.00,772.37,775.51,6.00,6.00,1.00,0.00,1.20
3.00,3.00,666.67,666.67,7.00,7.00,1.00,0.00,0.80
23.00,23.00,782.61,782.61,6.00,6.00,1.00,0.00,0.80
4.00,4.00,750.00,750.00,6.00,6.00,1.00,0.00,0.80
30.00,30.00,766.67,766.67,6.00,6.00,1.00,0.00,0.80
37.00,49.00,777.96,795.92,6.00,6.00,1.00,0.00,1.20
15.00,15.00,800.00,800.00,6.00,6.00,1.00,0.00,0.80
5.00,5.00,800.00,800.00,6.00,6.00,1.00,0.00,0.80
9.00,9.00,777.78,777.78,6.00,6.00,1.00,0.00,0.80
53.00,53.00,773.58,773.58,6.00,6.00,1.00,0.00,0.80
14.00,14.00,785.71,785.71,6.00,6.00,1.00,0.00,0.80
4.00,4.00,750.00,750.00,6.00,6.00,1.00,0.00,0.80
62.00,62.00,774.19,774.19,7.00,7.00,1.00,0.00,0.80
19.00,19.00,789.47,789.47,6.00,6.00,1.00,0.00,0.80
39.00,39.00,769.23,769.23,6.00,6.00,1.00,0.00,0.80
7.00,7.00,714.29,714.29,6.00,6.00,1.00,0.00,0.80
19.00,19.00,789.47,789.47,6.00,6.00,1.00,0.00,0.80
22.00,22.00,772.73,772.73,6.00,6.00,1.00,0.00,0.80
39.00,39.00,794.87,794.87,6.00,6.00,1.00,0.00,0.80
21.00,21.00,761.90,761.90,6.00,6.00,1.00,0.00,0.80
6.00,6.00,833.33,833.33,6.00,6.00,1.00,0.00,0.80
22.00,22.00,772.73,772.73,6.00,6.00,1.00,0.00,0.80
39.00,39.00,769.23,769.23,6.00,6.00,1.00,0.00,0.80
55.50,62.00,774.85,775.51,6.00,6.00,1.00,0.00,1.20
8.00,8.00,750.00,750.00,6.00,6.00,1.00,0.00,0.80
14.00,14.00,785.71,785.71,6.00,6.00,1.00,0.00,0.80
49.00,49.00,775.51,775.51,6.00,6.00,1.00,0.00,0.80
28.00,28.00,785.71,785.71,6.00,6.00,1.00,0.00,0.80
29.50,38.00,775.69,789.47,6.00,6.00,1.00,0.00,1.20
54.00,54.00,777.78,777.78,6.00,6.00,1.00,0.00,0.80
24.00,24.00,750.00,750.00,6.00,6.00,1.00,0.00,0.80
21.00,31.00,750.73,774.19,6.00,6.00,1.00,0.00,1.20
4.00,4.00,750.00,750.00,6.00,6.00,1.00,0.00,0.80
27.00,27.00,777.78,777.78,6.00,6.00,1.00,0.00,0.80
12.00,12.00,833.33,833.33,6.00,6.00,1.00,0.00,0.80
9.50,18.00,888.89,1000.00,6.00,6.00,1.00,0.00,1.20
26.00,35.00,782.35,800.00,7.00,7.00,1.00,0.00,1.20
27.00,27.00,777.78,777.78,6.00,6.00,1.00,0.00,0.80
10.00,10.00,700.00,700.00,6.00,6.00,1.00,0.00,0.80
37.00,63.00,777.78,783.78,6.00,6.00,1.00,0.00,1.60
43.00,43.00,767.44,767.44,6.00,6.00,1.00,0.00,0.80
4.00,4.00,750.00,750.00,6.00,6.00,1.00,0.00,0.80
17.00,20.00,767.86,785.71,6.00,6.00,1.00,0.00,1.20
25.00,29.00,777.50,793.10,6.00,6.00,1.00,0.00,1.20
62.00,62.00,790.32,790.32,6.00,6.00,1.00,0.00,0.80
40.00,40.00,775.00,775.00,6.00,6.00,1.00,0.00,0.80
17.00,17.00,764.71,764.71,6.00,6.00,1.00,0.00,0.80
63.00,63.00,777.78,777.78,6.00,6.00,1.00,0.00,0.80
20.00,20.00,800.00,800.00,6.00,6.00,1.00,0.00,0.80
30.00,30.00,766.67,766.67,6.00,6.00,1.00,0.00,0.80
19.00,19.00,789.47,789.47,6.00,6.00,1.00,0.00,0.80
20.00,20.00,800.00,800.00,6.00,6.00,1.00,0.00,0.80
28.00,28.00,785.71,785.71,6.00,6.00,1.00,0.00,0.80
40.00,40.00,775.00,775.00,6.00,6.00,1.00,0.00,0.80
28.00,28.00,750.00,750.00,6.00,6.00,1.00,0.00,0.80
14.00,14.00,714.29,714.29,6.00,6.00,1.00,0.00,0.80
48.00,48.00,770.83,770.83,6.00,6.00,1.00,0.00,0.80
36.50,67.00,804.73,833.33,6.00,6.00,1.00,0.00,1.20
57.50,59.00,782.69,785.71,6.00,6.00,1.00,0.00,1.20
63.00,63.00,777.78,777.78,6.00,6.00,1.00,0.00,0.80
38.50,63.00,781.75,785.71,6.00,6.00,1.00,0.00,1.20
34.50,47.00,779.98,787.23,6.00,6.00,1.00,0.00,1.20
45.00,45.00,777.78,777.78,6.00,6.00,1.00,0.00,0.80
15.00,15.00,733.33,733.33,6.00,6.00,1.00,0.00,0.80
14.50,27.00,888.89,1000.00,6.00,6.00,1.00,0.00,1.20
18.00,18.00,777.78,777.78,6.00,6.00,1.00,0.00,0.80
20.00,31.00,775.99,777.78,6.00,6.00,1.00,0.00,1.20
54.00,54.00,777.78,777.78,6.00,6.00,1.00,0.00,0.80
17.00,17.00,764.71,764.71,6.00,6.00,1.00,0.00,0.80
14.00,14.00,785.71,785.71,6.00,6.00,1.00,0.00,1.20
5.00,5.00,600.00,600.00,6.00,6.00,1.00,0.00,0.80
22.00,22.00,772.73,772.73,6.00,6.00,1.00,0.00,0.80
26.00,37.00,783.78,807.69,6.00,6.00,1.00,0.00,1.60
10.00,12.00,750.00,750.00,6.00,6.00,1.00,0.00,1.20
7.00,7.00,714.29,714.29,7.00,7.00,1.00,0.00,0.80
42.00,42.00,785.71,785.71,6.00,6.00,1.00,0.00,0.80
18.50,19.00,757.31,777.78,6.00,6.00,1.00,0.00,0.80
20.00,34.00,715.69,764.71,6.00,6.00,1.00,0.00,1.20
1.00,1.00,1000.00,1000.00,6.00,6.00,1.00,0.00,0.80
16.00,16.00,750.00,750.00,6.00,6.00,1.00,0.00,0.80
4.00,4.00,750.00,750.00,6.00,6.00,1.00,0.00,0.80
25.00,45.00,788.89,800.00,6.00,6.00,1.00,0.00,1.20
29.00,29.00,793.10,793.10,6.00,6.00,1.00,0.00,0.80
23.00,23.00,782.61,782.61,6.00,6.00,1.00,0.00,0.80
18.00,18.00,777.78,777.78,6.00,6.00,1.00,0.00,0.80
3.00,3.00,666.67,666.67,6.00,6.00,1.00,0.00,0.80
17.00,17.00,764.71,764.71,6.00,6.00,1.00,0.00,0.80
23.00,23.00,782.61,782.61,6.00,6.00,1.00,0.00,0.80
18.00,18.00,777.78,777.78,6.00,6.00,1.00,0.00,0.80
22.00,22.00,772.73,772.73,6.00,6.00,1.00,0.00,0.80
63.00,63.00,777.78,777.78,6.00,6.00,1.00,0.00,0.80
20.00,20.00,750.00,750.00,6.00,6.00,1.00,0.00,0.80
15.00,15.00,733.33,733.33,6.00,6.00,1.00,0.00,0.80
20.00,20.00,750.00,750.00,6.00,6.00,1.00,0.00,0.80
20.00,20.00,800.00,800.00,6.00,6.00,1.00,0.00,0.80
44.50,62.00,784.05,790.32,6.00,6.00,1.00,0.00,1.20
35.00,35.00,771.43,771.43,6.00,6.00,1.00,0.00,0.80
45.00,45.00,777.78,777.78,6.00,6.00,1.00,0.00,0.80
12.00,12.00,750.00,750.00,6.00,6.00,1.00,0.00,0.80
12.00,12.00,833.33,833.33,6.00,6.00,1.00,0.00,0.80
27.00,27.00,777.78,777.78,6.00,6.00,1.00,0.00,0.80
11.00,11.00,818.18,818.18,6.00,6.00,1.00,0.00,0.80
62.00,62.00,790.32,790.32,6.00,6.00,1.00,0.00,0.80
16.50,19.00,761.28,785.71,6.00,6.00,1.00,0.00,1.20
6.00,6.00,833.33,833.33,6.00,6.00,1.00,0.00,0.80
4.00,4.00,750.00,750.00,6.00,6.00,1.00,0.00,0.80
45.00,45.00,777.78,777.78,6.00,6.00,1.00,0.00,0.80
9.00,9.00,777.78,777.78,6.00,6.00,1.00,0.00,0.80
73.00,73.00,780.82,780.82,6.00,6.00,1.00,0.00,0.80
28.00,28.00,785.71,785.71,6.00,6.00,1.00,0.00,0.80
3.00,3.00,666.67,666.67,6.00,6.00,1.00,0.00,0.80
17.00,17.00,764.71,764.71,6.00,6.00,1.00,0.00,0.80
7.00,7.00,714.29,714.29,6.00,6.00,1.00,0.00,0.80
20.00,20.00,800.00,800.00,6.00,6.00,1.00,0.00,0.80
6.00,6.00,833.33,833.33,6.00,6.00,1.00,0.00,0.80
77.00,77.00,779.22,779.22,6.00,6.00,1.00,0.00,0.80
37.50,62.00,779.78,790.32,6.00,6.00,1.00,0.00,1.20
5.00,5.00,800.00,800.00,6.00,6.00,1.00,0.00,0.80
15.00,31.00,774.19,800.00,6.00,6.00,1.00,0.00,1.60
64.50,111.00,780.78,783.78,6.00,6.00,1.00,0.00,1.20
25.00,25.00,760.00,760.00,6.00,6.00,1.00,0.00,0.80
2.00,2.00,500.00,500.00,6.00,6.00,1.00,0.00,0.80
7.00,7.00,714.29,714.29,6.00,6.00,1.00,0.00,0.80
15.00,15.00,800.00,800.00,6.00,6.00,1.00,0.00,0.80
17.00,17.00,764.71,764.71,6.00,6.00,1.00,0.00,0.80
24.00,24.00,791.67,791.67,6.00,6.00,1.00,0.00,0.80
13.00,13.00,769.23,769.23,6.00,6.00,1.00,0.00,0.80
46.00,46.00,782.61,782.61,6.00,6.00,1.00,0.00,0.80
17.00,17.00,764.71,764.71,6.00,6.00,1.00,0.00,0.80
6.50,7.00,773.81,833.33,6.00,6.00,1.00,0.00,1.20
13.50,15.00,816.67,833.33,6.00,6.00,1.00,0.00,1.20
23.00,27.00,783.63,789.47,6.00,6.00,1.00,0.00,1.20
45.00,45.00,777.78,777.78,6.00,6.00,1.00,0.00,0.80
16.00,16.00,750.00,750.00,6.00,6.00,1.00,0.00,0.80
63.00,63.00,777.78,777.78,6.00,6.00,1.00,0.00,0.80
9.00,9.00,777.78,777.78,6.00,6.00,1.00,0.00,0.80
30.00,30.00,800.00,800.00,6.00,6.00,1.00,0.00,0.80
12.50,15.00,800.00,800.00,6.00,6.00,1.00,0.00,1.20
5.00,5.00,800.00,800.00,6.00,6.00,1.00,0.00,0.80
3.00,3.00,666.67,666.67,6.00,6.00,1.00,0.00,0.80
12.00,17.00,739.50,764.71,6.00,6.00,1.00,0.00,1.20
13.00,13.00,769.23,769.23,6.00,6.00,1.00,0.00,0.80
62.00,62.00,774.19,774.19,6.00,6.00,1.00,0.00,0.80
62.00,62.00,774.19,774.19,6.00,6.00,1.00,0.00,0.80
35.00,35.00,771.43,771.43,6.00,6.00,1.00,0.00,0.80
47.00,47.00,787.23,787.23,6.00,6.00,1.00,0.00,0.80
29.00,56.00,642.86,785.71,6.00,6.00,1.00,0.00,1.20
16.00,16.00,750.00,750.00,6.00,6.00,1.00,0.00,0.80
31.00,40.00,773.86,775.00,7.00,7.00,1.00,0.00,1.20
22.00,22.00,772.73,772.73,6.50,7.00,1.00,0.00,0.80
23.50,24.00,766.30,782.61,6.00,6.00,1.00,0.00,0.80
33.00,63.00,722.22,777.78,6.00,6.00,1.00,0.00,1.20
6.00,6.00,833.33,833.33,6.00,6.00,1.00,0.00,0.80
16.00,18.00,781.75,785.71,6.00,6.00,1.00,0.00,1.20
16.00,16.00,812.50,812.50,6.00,6.00,1.00,0.00,0.80
3.00,3.00,666.67,666.67,6.00,6.00,1.00,0.00,0.80
17.00,17.00,764.71,764.71,6.00,6.00,1.00,0.00,0.80
19.00,19.00,789.47,789.47,6.00,6.00,1.00,0.00,0.80
2.00,2.00,1000.00,1000.00,6.00,6.00,1.00,0.00,0.80
5.00,5.00,800.00,800.00,6.00,6.00,1.00,0.00,0.80
16.00,19.00,779.35,789.47,6.00,6.00,1.00,0.00,1.20
19.00,21.00,763.31,764.71,6.00,6.00,1.00,0.00,1.20
8.00,8.00,750.00,750.00,6.00,6.00,1.00,0.00,0.80
22.00,22.00,772.73,772.73,6.00,6.00,1.00,0.00,0.80
6.50,8.00,775.00,800.00,6.00,6.00,1.00,0.00,1.20
17.50,22.00,770.98,772.73,6.00,6.00,1.00,0.00,1.20
20.00,20.00,750.00,750.00,6.00,6.00,1.00,0.00,0.80
2.00,2.00,1000.00,1000.00,6.00,6.00,1.00,0.00,0.80
15.00,15.00,800.00,800.00,6.00,6.00,1.00,0.00,0.80
19.00,31.00,744.24,774.19,6.00,6.00,1.00,0.00,1.20
4.00,4.00,750.00,750.00,6.00,6.00,1.00,0.00,1.20
45.00,45.00,777.78,777.78,6.00,6.00,1.00,0.00,0.80
26.00,28.00,788.69,791.67,6.00,6.00,1.00,0.00,1.20
11.50,12.00,738.64,750.00,6.00,6.00,1.00,0.00,1.20
4.50,6.00,750.00,800.00,6.00,6.00,1.00,0.00,1.20
44.00,56.00,772.73,785.71,6.00,6.00,1.00,0.00,1.60
14.00,14.00,785.71,785.71,6.00,6.00,1.00,0.00,0.80
22.00,22.00,772.73,772.73,6.00,6.00,1.00,0.00,0.80
37.00,37.00,783.78,783.78,6.00,6.00,1.00,0.00,0.80
3.00,3.00,666.67,666.67,6.00,6.00,1.00,0.00,0.80
9.00,9.00,777.78,777.78,6.00,6.00,1.00,0.00,0.80
84.00,84.00,785.71,785.71,7.00,7.00,1.00,0.00,0.80
56.00,56.00,785.71,785.71,6.00,6.00,1.00,0.00,0.80
6.00,6.00,666.67,666.67,6.00,6.00,1.00,0.00,0.80
6.00,6.00,666.67,666.67,6.00,6.00,1.00,0.00,0.80
13.00,13.00,769.23,769.23,6.00,6.00,1.00,0.00,0.80
32.00,32.00,781.25,781.25,6.00,6.00,1.00,0.00,0.80
26.00,26.00,769.23,769.23,6.00,6.00,1.00,0.00,0.80
43.50,62.00,795.16,800.00,6.00,6.00,1.00,0.00,1.20
67.00,67.00,776.12,776.12,6.00,6.00,1.00,0.00,0.80
5.00,5.00,800.00,800.00,6.00,6.00,1.00,0.00,0.80
8.50,11.00,780.30,833.33,6.00,6.00,1.00,0.00,1.20
24.00,77.00,774.23,791.67,6.00,6.00,1.00,0.00,1.60
37.00,62.00,762.10,774.19,6.00,6.00,1.00,0.00,1.20
20.00,20.00,800.00,800.00,6.00,6.00,1.00,0.00,0.80
5.00,5.00,800.00,800.00,6.00,6.00,1.00,0.00,0.80
15.00,24.00,729.17,791.67,6.00,6.00,1.00,0.00,1.20
29.00,29.00,793.10,793.10,6.00,6.00,1.00,0.00,0.80
29.50,45.00,781.75,785.71,6.00,6.00,1.00,0.00,1.20
30.50,44.00,768.72,772.73,6.00,6.00,1.00,0.00,1.20
24.00,24.00,791.67,791.67,6.00,6.00,1.00,0.00,0.80
21.00,21.00,761.90,761.90,6.00,6.00,1.00,0.00,0.80
60.00,60.00,783.33,783.33,6.00,6.00,1.00,0.00,0.80
63.00,63.00,777.78,777.78,6.00,6.00,1.00,0.00,0.80
28.50,39.00,773.50,777.78,6.00,6.00,1.00,0.00,1.20
23.00,23.00,782.61,782.61,6.00,6.00,1.00,0.00,0.80
21.00,41.00,890.24,1000.00,6.00,6.00,1.00,0.00,1.20
39.00,39.00,794.87,794.87,6.00,6.00,1.00,0.00,0.80
11.00,11.00,727.27,727.27,6.00,6.00,1.00,0.00,0.80
13.00,13.00,769.23,769.23,6.00,6.00,1.00,0.00,0.80
63.00,63.00,777.78,777.78,7.00,7.00,1.00,0.00,0.80
23.00,23.00,782.61,782.61,6.00,6.00,1.00,0.00,0.80
15.00,16.00,767.86,785.71,6.00,6.00,1.00,0.00,1.20
18.00,19.00,777.09,789.47,6.00,6.00,1.00,0.00,1.20
21.00,32.00,790.62,800.00,6.00,6.00,1.00,0.00,1.20
30.50,31.00,787.10,800.00,6.00,6.00,1.00,0.00,1.20
23.00,23.00,782.61,782.61,6.00,6.00,1.00,0.00,0.80
37.50,63.00,763.89,777.78,6.00,6.00,1.00,0.00,1.20
1.00,1.00,1000.00,1000.00,6.00,6.00,1.00,0.00,0.80
22.00,26.00,773.50,777.78,6.00,6.00,1.00,0.00,1.20
28.00,28.00,785.71,785.71,6.00,6.00,1.00,0.00,0.80
21.00,21.00,761.90,761.90,6.00,6.00,1.00,0.00,0.80
25.00,25.00,760.00,760.00,6.00,6.00,1.00,0.00,0.80
15.00,15.00,733.33,733.33,6.00,6.00,1.00,0.00,0.80
26.00,26.00,769.23,769.23,6.00,6.00,1.00,0.00,0.80
38.00,38.00,763.16,763.16,6.00,6.00,1.00,0.00,0.80
11.00,11.00,727.27,727.27,6.00,6.00,1.00,0.00,0.80
62.00,62.00,790.32,790.32,6.00,6.00,1.00,0.00,0.80
23.00,23.00,782.61,782.61,6.00,6.00,1.00,0.00,0.80
25.00,39.00,759.62,789.47,6.00,6.00,1.00,0.00,1.20
9.00,9.00,777.78,777.78,6.00,6.00,1.00,0.00,0.80
41.00,41.00,780.49,780.49,6.00,6.00,1.00,0.00,0.80
62.00,62.00,790.32,790.32,6.00,6.00,1.00,0.00,0.80
49.00,49.00,795.92,795.92,6.00,6.00,1.00,0.00,0.80
19.00,19.00,736.84,736.84,6.00,6.00,1.00,0.00,0.80
30.00,30.00,766.67,766.67,6.00,6.00,1.00,0.00,0.80
61.00,61.00,786.89,786.89,6.00,6.00,1.00,0.00,0.80
4.00,4.00,750.00,750.00,6.00,6.00,1.00,0.00,0.80
14.00,14.00,785.71,785.71,7.00,7.00,1.00,0.00,0.80
62.00,62.00,790.32,790.32,6.00,6.00,1.00,0.00,0.80
35.00,35.00,771.43,771.43,6.00,6.00,1.00,0.00,0.80
18.00,18.00,777.78,777.78,6.00,6.00,1.00,0.00,0.80
4.00,4.00,750.00,750.00,6.00,6.00,1.00,0.00,0.80
34.00,34.00,794.12,794.12,6.00,6.00,1.00,0.00,0.80
28.00,28.00,785.71,785.71,6.00,6.00,1.00,0.00,0.80
63.00,63.00,777.78,777.78,6.00,6.00,1.00,0.00,0.80
36.00,36.00,777.78,777.78,6.00,6.00,1.00,0.00,0.80
17.00,22.00,803.03,833.33,6.00,6.00,1.00,0.00,1.20
18.00,18.00,777.78,777.78,6.00,6.00,1.00,0.00,0.80
48.00,48.00,770.83,770.83,6.00,6.00,1.00,0.00,0.80
23.00,35.00,749.35,771.43,6.00,6.00,1.00,0.00,1.20
52.00,63.00,779.13,780.49,6.00,6.00,1.00,0.00,1.20
11.00,11.00,818.18,818.18,6.00,6.00,1.00,0.00,0.80
11.00,11.00,727.27,727.27,6.00,6.00,1.00,0.00,0.80
62.00,62.00,774.19,774.19,6.00,6.00,1.00,0.00,0.80
3.00,3.00,666.67,666.67,6.00,6.00,1.00,0.00,0.80
24.00,24.00,791.67,791.67,6.00,6.00,1.00,0.00,0.80
52.00,52.00,788.46,788.46,6.00,6.00,1.00,0.00,0.80
10.00,10.00,800.00,800.00,6.00,6.00,1.00,0.00,0.80
27.00,27.00,777.78,777.78,6.00,6.00,1.00,0.00,0.80
4.00,4.00,750.00,750.00,6.00,6.00,1.00,0.00,0.80
48.50,90.00,746.03,777.78,6.00,6.00,1.00,0.00,1.20
15.00,15.00,733.33,733.33,6.00,6.00,1.00,0.00,0.80
32.50,45.00,763.89,777.78,6.50,7.00,1.00,0.00,1.20
11.50,16.00,732.14,750.00,6.50,7.00,1.00,0.00,1.20
27.00,27.00,777.78,777.78,6.00,6.00,1.00,0.00,0.80
