39.50,120.00,785.11,800.00,7.00,7.00,1.00,0.00,1.80
34.50,61.00,778.10,800.00,6.00,7.00,1.00,0.00,1.80
16.50,24.00,790.57,1000.00,6.00,6.00,1.00,0.00,1.80
33.00,64.00,781.25,800.00,6.00,6.00,1.00,0.00,1.40
61.00,66.00,770.49,790.32,6.00,6.00,1.00,0.00,2.00
14.00,20.00,777.78,789.47,6.00,6.00,1.00,0.00,2.00
18.00,62.00,777.78,793.10,6.00,6.00,1.00,0.00,2.20
20.00,37.00,764.71,783.78,7.00,7.00,1.00,0.00,1.40
8.50,64.00,725.00,781.25,6.00,6.00,1.00,0.00,2.00
34.00,47.00,786.47,791.67,6.00,6.00,1.00,0.00,1.80
36.00,63.00,777.78,777.78,6.00,7.00,1.00,0.00,1.40
63.00,63.00,777.78,777.78,7.00,7.00,1.00,0.00,0.80
21.00,62.00,761.90,800.00,6.00,6.00,1.00,0.00,2.20
42.00,58.00,785.71,785.71,6.00,6.00,1.00,0.00,1.40
21.50,36.00,766.97,777.78,6.00,6.00,1.00,0.00,1.80
40.00,76.00,777.05,800.00,6.00,6.00,1.00,0.00,1.80
25.00,28.00,779.22,785.71,6.00,6.00,1.00,0.00,1.20
3.00,30.00,666.67,800.00,6.00,6.00,1.00,0.00,2.00
24.00,60.00,769.45,783.33,6.00,6.00,1.00,0.00,1.80
17.00,63.00,774.19,800.00,6.00,6.00,1.00,0.00,2.00
25.00,30.00,766.67,800.00,6.00,6.00,1.00,0.00,2.00
10.00,19.00,777.78,800.00,6.00,6.00,1.00,0.00,2.00
4.00,23.00,807.97,1000.00,6.00,6.00,1.00,0.00,1.60
41.00,63.00,777.78,781.82,6.00,6.00,1.00,0.00,2.00
37.50,38.00,773.47,783.78,6.00,6.00,1.00,0.00,1.20
23.00,40.00,775.00,785.71,6.00,6.00,1.00,0.00,2.20
7.50,27.00,777.78,1000.00,6.00,6.00,1.00,0.00,2.80
37.00,65.00,776.92,786.89,6.00,7.00,1.00,0.00,1.80
57.00,58.00,771.93,775.86,6.00,6.00,1.00,0.00,1.40
25.00,62.00,777.78,800.00,6.00,6.00,1.00,0.00,2.20
40.00,73.00,779.30,800.00,6.00,6.00,1.00,0.00,1.80
25.50,32.00,785.36,789.47,6.00,6.00,1.00,0.00,1.20
18.00,24.00,791.67,800.00,6.00,7.00,1.00,0.00,2.00
27.50,63.00,791.56,809.52,6.00,6.00,1.00,0.00,1.60
41.50,63.00,771.71,777.78,6.00,6.00,1.00,0.00,1.80
23.50,63.00,777.78,857.14,6.00,6.00,1.00,0.00,2.00
34.00,63.00,778.99,793.65,6.00,7.00,1.00,0.00,1.80
22.00,62.00,772.73,790.32,6.00,6.00,1.00,0.00,2.00
27.50,38.00,777.09,789.47,6.00,6.00,1.00,0.00,1.00
28.00,63.00,777.78,785.71,6.00,6.00,1.00,0.00,2.00
14.00,17.00,769.23,785.71,6.00,6.00,1.00,0.00,1.60
42.00,67.00,785.71,791.04,6.00,6.00,1.00,0.00,1.40
22.00,55.00,777.78,781.82,6.00,6.00,1.00,0.00,2.00
17.00,32.00,764.71,781.25,6.00,6.00,1.00,0.00,2.00
27.00,37.00,782.61,783.78,6.00,6.00,1.00,0.00,1.80
43.00,46.00,782.61,790.70,6.00,6.00,1.00,0.00,1.40
41.50,70.00,775.99,785.71,6.00,6.00,1.00,0.00,1.80
20.00,40.00,800.00,833.33,6.00,7.00,1.00,0.00,1.80
13.00,63.00,769.23,833.33,6.00,7.00,1.00,0.00,1.80
23.00,72.00,782.61,790.32,6.00,7.00,1.00,0.00,2.20
26.00,62.00,766.41,782.61,6.00,6.00,1.00,0.00,1.60
10.00,31.00,775.99,1000.00,6.00,6.00,1.00,0.00,2.20
26.00,47.00,793.62,800.00,6.50,7.00,1.00,0.00,1.60
19.50,32.00,785.36,800.00,6.00,6.00,1.00,0.00,1.80
26.00,63.00,769.23,800.00,6.00,6.00,1.00,0.00,2.00
23.00,63.00,777.78,800.00,6.00,6.00,1.00,0.00,2.00
9.00,31.00,800.00,1000.00,6.00,6.00,1.00,0.00,2.60
30.00,75.00,767.44,800.00,6.00,6.00,1.00,0.00,2.00
18.00,27.00,773.50,789.47,6.00,6.00,1.00,0.00,2.40
12.00,16.00,750.00,750.00,6.00,6.00,1.00,0.00,2.20
22.00,67.00,774.19,1000.00,6.00,6.00,1.00,0.00,2.20
19.00,59.00,794.87,857.14,6.00,6.00,1.00,0.00,2.00
31.50,63.00,776.39,782.61,6.00,6.00,1.00,0.00,1.80
13.00,27.00,763.89,785.71,6.00,6.00,1.00,0.00,1.80
25.00,63.00,790.32,833.33,6.00,6.00,1.00,0.00,2.00
17.00,62.00,720.43,790.32,6.00,6.00,1.00,0.00,2.40
19.00,39.00,793.94,800.00,6.00,6.00,1.00,0.00,1.60
16.00,29.00,771.55,800.00,6.00,6.00,1.00,0.00,1.60
33.00,81.00,792.50,812.50,6.00,6.00,1.00,0.00,1.80
14.00,21.00,785.71,800.00,6.00,6.00,1.00,0.00,1.60
19.00,62.00,791.67,1000.00,6.00,6.00,1.00,0.00,2.20
24.50,37.00,783.20,800.00,6.00,6.00,1.00,0.00,2.40
30.00,91.00,777.78,800.00,6.00,6.00,1.00,0.00,2.20
18.00,33.00,777.78,800.00,6.00,6.00,1.00,0.00,2.20
17.50,63.00,777.78,812.50,6.00,6.00,1.00,0.00,2.20
49.00,65.00,784.62,1000.00,6.00,6.00,1.00,0.00,2.00
11.50,23.00,766.30,800.00,6.00,6.00,1.00,0.00,2.00
32.00,45.00,777.78,781.25,6.00,6.00,1.00,0.00,1.60
28.00,63.00,780.19,787.88,6.00,6.00,1.00,0.00,1.60
24.00,36.00,777.78,818.18,6.00,6.00,1.00,0.00,2.00
5.00,62.00,791.67,1000.00,6.00,6.00,1.00,0.00,2.60
23.00,45.00,777.78,782.61,6.00,6.00,1.00,0.00,2.20
18.00,45.00,780.19,818.18,6.00,6.00,1.00,0.00,2.40
26.00,55.00,769.23,787.88,6.00,6.00,1.00,0.00,2.00
20.00,62.00,750.00,774.19,6.00,7.00,1.00,0.00,2.00
45.00,64.00,779.13,1000.00,6.00,7.00,1.00,0.00,2.40
13.50,63.00,783.63,833.33,6.00,6.00,1.00,0.00,1.80
16.00,23.00,750.00,782.61,6.00,6.00,1.00,0.00,2.20
18.00,33.00,777.78,800.00,6.00,7.00,1.00,0.00,2.00
16.50,54.00,777.78,791.67,6.00,6.00,1.00,0.00,1.80
5.00,66.00,787.88,800.00,6.00,7.00,1.00,0.00,2.20
19.00,49.00,764.71,787.23,6.00,6.00,1.00,0.00,2.00
20.00,51.00,769.23,800.00,6.00,6.00,1.00,0.00,2.20
19.50,63.00,777.78,791.67,6.00,6.00,1.00,0.00,2.40
35.00,63.00,791.67,857.14,6.00,6.00,1.00,0.00,2.20
52.50,67.00,780.87,791.04,6.00,6.00,1.00,0.00,1.80
19.00,62.00,764.71,789.47,6.00,6.00,1.00,0.00,2.00
18.50,30.00,774.64,800.00,6.00,6.00,1.00,0.00,1.80
16.00,62.00,790.32,812.50,6.00,6.00,1.00,0.00,1.60
40.00,63.00,779.18,793.65,6.00,6.00,1.00,0.00,1.20
23.00,31.00,777.78,782.61,6.00,6.00,1.00,0.00,2.00
35.50,48.00,786.46,800.00,6.00,6.00,1.00,0.00,2.40
15.50,38.00,766.97,785.71,6.00,6.00,1.00,0.00,1.80
20.00,63.00,777.78,777.78,6.00,6.00,1.00,0.00,1.40
18.00,63.00,777.78,1000.00,6.00,6.00,1.00,0.00,2.40
20.50,44.00,773.86,781.25,6.00,7.00,1.00,0.00,2.40
19.50,63.00,768.72,777.78,6.00,6.00,1.00,0.00,2.20
47.00,63.00,765.96,777.78,6.00,7.00,1.00,0.00,1.40
18.50,25.00,755.00,764.71,6.00,6.00,1.00,0.00,2.00
2.00,43.00,790.70,1000.00,6.00,6.00,1.00,0.00,2.40
15.50,37.00,768.89,800.00,6.00,6.00,1.00,0.00,2.40
23.00,62.00,797.06,809.52,6.00,7.00,1.00,0.00,2.20
20.00,63.00,777.78,800.00,6.00,7.00,1.00,0.00,2.00
20.00,52.00,788.46,800.00,5.50,6.00,1.00,0.00,1.40
27.00,46.00,777.78,782.61,6.00,7.00,1.00,0.00,2.00
54.00,63.00,777.78,833.33,6.00,6.00,1.00,0.00,1.40
41.00,63.00,780.49,785.71,6.00,6.00,1.00,0.00,1.40
22.00,35.00,771.43,772.73,6.00,6.00,1.00,0.00,1.40
25.50,62.00,788.02,800.00,6.00,6.00,1.00,0.00,1.80
31.50,41.00,770.24,789.47,6.00,6.00,1.00,0.00,2.00
14.50,27.00,763.89,777.78,6.00,6.00,1.00,0.00,1.80
16.00,34.00,789.47,800.00,6.00,6.00,1.00,0.00,2.00
15.00,60.00,750.00,783.33,6.00,6.00,1.00,0.00,2.00
41.00,70.00,795.16,1000.00,6.00,6.00,1.00,0.00,2.00
21.00,31.00,761.90,1000.00,6.00,6.00,1.00,0.00,2.00
7.00,22.00,764.71,857.14,6.00,6.00,1.00,0.00,1.80
25.50,27.00,773.50,800.00,6.00,6.00,1.00,0.00,1.80
26.50,49.00,762.76,793.10,6.00,6.00,1.00,0.00,1.80
37.00,63.00,777.78,783.78,6.00,6.00,1.00,0.00,1.40
12.00,52.00,779.95,800.00,6.00,6.00,1.00,0.00,2.20
31.50,81.00,784.24,800.00,6.00,6.00,1.00,0.00,2.00
14.50,33.00,782.83,818.18,6.00,6.00,1.00,0.00,1.60
35.00,62.00,777.78,800.00,6.00,6.00,1.00,0.00,2.00
34.50,46.00,778.40,818.18,6.00,6.00,1.00,0.00,1.80
7.00,28.00,772.73,1000.00,6.00,6.00,1.00,0.00,2.60
24.00,54.00,791.67,833.33,6.00,6.00,1.00,0.00,1.40
37.00,40.00,769.85,775.00,6.00,6.00,1.00,0.00,1.20
25.00,30.00,793.10,800.00,6.00,6.00,1.00,0.00,2.00
33.00,62.00,777.78,790.32,6.00,6.00,1.00,0.00,2.00
2.00,63.00,888.89,1000.00,6.00,6.00,1.00,0.00,2.80
17.00,63.00,788.89,812.50,6.00,6.00,1.00,0.00,2.20
16.50,35.00,785.71,789.47,6.00,6.00,1.00,0.00,1.80
44.00,75.00,777.78,800.00,6.00,6.00,1.00,0.00,1.80
25.00,63.00,790.32,1000.00,6.00,6.00,1.00,0.00,2.00
40.00,63.00,777.78,785.71,6.00,6.00,1.00,0.00,2.20
18.00,47.00,781.25,800.00,6.00,6.00,1.00,0.00,2.00
22.00,50.00,772.73,800.00,6.00,6.00,1.00,0.00,2.00
17.00,29.00,768.72,833.33,6.00,6.00,1.00,0.00,2.40
5.00,63.00,777.78,800.00,6.00,6.00,1.00,0.00,2.00
19.00,35.00,774.60,800.00,6.50,7.00,1.00,0.00,1.80
15.00,27.00,764.71,800.00,6.00,7.00,1.00,0.00,2.00
22.00,32.00,757.35,781.25,6.00,6.00,1.00,0.00,1.60
30.00,74.00,769.23,833.33,6.00,6.00,1.00,0.00,1.80
20.00,42.00,781.75,1000.00,6.00,6.00,1.00,0.00,2.40
22.50,60.00,774.02,818.18,6.00,6.00,1.00,0.00,1.80
17.00,37.00,776.51,800.00,6.00,6.00,1.00,0.00,1.80
17.00,40.00,764.71,775.00,6.00,6.00,1.00,0.00,2.00
22.00,63.00,772.73,793.10,6.00,6.00,1.00,0.00,2.00
9.00,42.00,787.10,1000.00,6.00,6.00,1.00,0.00,2.20
44.00,64.00,771.24,781.25,6.00,6.00,1.00,0.00,1.80
30.00,49.00,783.20,795.92,6.00,6.00,1.00,0.00,1.80
23.00,40.00,775.00,782.61,6.00,6.00,1.00,0.00,2.00
21.00,63.00,764.71,788.46,6.00,6.00,1.00,0.00,2.00
8.00,72.00,750.00,791.67,6.00,6.00,1.00,0.00,2.00
47.00,60.00,787.23,833.33,6.00,6.00,1.00,0.00,2.00
18.00,50.00,777.78,800.00,6.00,6.00,1.00,0.00,2.00
16.00,25.00,760.00,769.23,6.00,6.00,1.00,0.00,1.60
16.00,30.00,761.90,833.33,6.00,6.00,1.00,0.00,2.00
2.50,27.00,788.89,1000.00,6.00,6.00,1.00,0.00,2.40
22.00,46.00,684.62,782.61,6.00,6.00,1.00,0.00,1.80
14.00,62.00,785.71,790.32,6.00,6.00,1.00,0.00,1.80
11.50,13.00,784.62,800.00,6.00,6.00,1.00,0.00,1.20
30.00,43.00,767.44,800.00,6.00,6.00,1.00,0.00,1.60
6.00,54.00,777.78,833.33,6.00,6.00,1.00,0.00,2.20
37.00,63.00,777.78,787.88,6.00,6.00,1.00,0.00,2.20
19.50,24.00,779.35,791.67,6.00,6.00,1.00,0.00,2.00
31.50,48.00,776.61,833.33,6.00,6.00,1.00,0.00,1.80
20.00,43.00,790.70,833.33,6.00,6.00,1.00,0.00,2.00
13.50,49.00,897.96,1000.00,6.00,6.00,1.00,0.00,2.20
19.00,43.00,789.47,790.70,6.00,6.00,1.00,0.00,1.80
13.00,19.00,777.78,818.18,6.00,6.00,1.00,0.00,2.20
18.00,62.00,777.78,790.32,6.00,6.00,1.00,0.00,2.40
18.00,63.00,777.78,809.52,6.00,6.00,1.00,0.00,1.80
3.00,49.00,795.92,1000.00,6.00,6.00,1.00,0.00,2.60
25.00,63.00,771.24,793.10,6.00,6.00,1.00,0.00,2.00
22.50,45.00,780.19,812.50,6.00,6.00,1.00,0.00,1.80
23.50,55.00,773.50,781.82,6.00,6.00,1.00,0.00,1.80
18.00,63.00,777.78,777.78,6.00,6.00,1.00,0.00,2.20
5.50,53.00,796.23,1000.00,6.00,7.00,1.00,0.00,2.40
39.00,117.00,779.51,782.61,6.00,6.00,1.00,0.00,1.60
25.00,63.00,777.78,800.00,6.00,7.00,1.00,0.00,1.60
25.50,62.00,784.05,791.67,6.00,6.00,1.00,0.00,1.60
34.50,63.00,774.60,857.14,6.00,7.00,1.00,0.00,1.80
25.00,50.00,760.00,780.00,6.00,6.00,1.00,0.00,2.20
16.00,26.00,773.50,812.50,6.00,7.00,1.00,0.00,1.80
23.00,49.00,795.92,800.00,6.00,6.00,1.00,0.00,1.60
26.00,32.00,783.48,791.67,6.00,6.00,1.00,0.00,1.80
17.00,69.00,780.19,833.33,6.00,6.00,1.00,0.00,2.00
9.00,11.00,777.78,818.18,6.00,6.00,1.00,0.00,1.40
34.50,62.00,762.76,790.32,6.00,6.00,1.00,0.00,1.80
16.00,19.00,759.62,812.50,6.00,6.00,1.00,0.00,2.20
28.00,63.00,750.00,790.32,6.00,6.00,1.00,0.00,2.20
21.50,27.00,783.63,791.67,6.00,6.00,1.00,0.00,1.80
48.50,63.00,773.17,777.78,6.00,6.00,1.00,0.00,2.00
28.00,53.00,784.75,857.14,6.00,6.00,1.00,0.00,2.00
32.50,75.00,785.44,818.18,6.00,6.00,1.00,0.00,2.00
22.00,62.00,762.10,777.78,6.00,6.00,1.00,0.00,1.80
40.00,63.00,775.00,777.78,6.00,6.00,1.00,0.00,1.40
14.50,60.00,766.67,791.67,6.00,6.00,1.00,0.00,1.60
15.00,20.00,750.00,812.50,6.00,6.00,1.00,0.00,2.00
25.50,75.00,786.19,791.67,6.00,6.00,1.00,0.00,1.80
25.00,62.00,777.78,790.32,6.00,6.00,1.00,0.00,1.60
20.50,27.00,775.25,789.47,6.00,6.00,1.00,0.00,1.80
19.00,27.00,750.00,800.00,6.00,6.00,1.00,0.00,2.00
19.50,49.00,778.38,857.14,6.00,6.00,1.00,0.00,1.60
15.00,23.00,733.33,782.61,6.00,6.00,1.00,0.00,1.60
27.50,33.00,782.83,787.88,6.00,6.00,1.00,0.00,1.80
14.00,63.00,775.25,800.00,6.00,6.00,1.00,0.00,2.40
20.00,48.00,771.43,800.00,6.00,6.00,1.00,0.00,2.20
56.00,79.00,776.64,787.23,6.00,6.00,1.00,0.00,2.00
27.50,62.00,784.05,818.18,6.00,6.00,1.00,0.00,1.80
12.00,62.00,750.00,774.19,6.00,6.00,1.00,0.00,1.60
20.50,31.00,781.83,1000.00,6.00,6.00,1.00,0.00,1.60
13.50,125.00,749.14,800.00,6.00,6.00,1.00,0.00,1.60
17.00,63.00,764.71,785.71,6.00,6.00,1.00,0.00,2.00
19.50,50.00,790.00,800.00,6.00,6.00,1.00,0.00,1.80
15.00,22.00,777.78,800.00,6.00,6.00,1.00,0.00,2.20
5.00,62.00,750.00,785.71,6.00,6.00,1.00,0.00,2.20
17.00,81.00,777.78,833.33,6.00,6.00,1.00,0.00,2.00
20.50,26.00,773.50,791.67,6.00,6.00,1.00,0.00,1.80
22.00,36.00,772.73,777.78,6.00,6.00,1.00,0.00,2.00
13.00,63.00,777.78,800.00,6.00,6.00,1.00,0.00,2.20
30.50,35.00,784.62,800.00,6.00,6.00,1.00,0.00,1.20
35.00,58.00,785.44,794.12,6.00,6.00,1.00,0.00,2.00
26.00,47.00,777.78,787.23,6.00,6.00,1.00,0.00,1.60
20.00,63.00,785.71,800.00,6.00,6.00,1.00,0.00,2.20
23.00,62.00,774.19,784.31,6.00,6.00,1.00,0.00,1.80
50.00,63.00,780.00,793.65,6.00,6.00,1.00,0.00,2.00
13.00,40.00,762.50,800.00,6.00,7.00,1.00,0.00,2.20
15.50,27.00,781.75,800.00,6.00,6.00,1.00,0.00,1.80
53.00,53.00,773.58,773.58,6.00,6.00,1.00,0.00,0.80
26.00,86.00,769.23,779.07,6.00,6.00,1.00,0.00,1.40
13.00,68.00,746.03,789.47,6.00,6.00,1.00,0.00,2.20
55.00,64.00,781.82,782.61,6.00,7.00,1.00,0.00,1.40
18.50,63.00,797.62,812.50,6.00,7.00,1.00,0.00,1.80
25.00,39.00,759.62,772.73,6.00,6.00,1.00,0.00,1.80
17.00,22.00,765.57,772.73,6.00,7.00,1.00,0.00,1.80
33.50,63.00,763.89,777.78,6.00,7.00,1.00,0.00,1.80
20.00,60.00,783.33,833.33,6.00,6.00,1.00,0.00,1.60
19.50,31.00,762.10,774.19,6.00,6.00,1.00,0.00,1.20
12.50,20.00,773.50,833.33,6.00,6.00,1.00,0.00,1.60
21.00,41.00,761.90,780.49,6.00,6.00,1.00,0.00,2.20
14.50,42.00,760.95,800.00,6.00,6.00,1.00,0.00,2.20
18.00,39.00,792.17,800.00,6.00,6.00,1.00,0.00,1.80
39.50,64.00,790.62,800.00,6.00,6.00,1.00,0.00,1.20
62.50,63.00,775.99,777.78,6.00,6.00,1.00,0.00,1.20
41.50,62.00,768.05,774.19,6.00,6.00,1.00,0.00,1.20
35.00,64.00,790.70,833.33,6.00,6.00,1.00,0.00,2.20
23.00,55.00,782.61,812.50,6.00,6.00,1.00,0.00,2.00
22.00,72.00,772.73,791.67,6.00,6.00,1.00,0.00,1.60
27.00,32.00,777.78,781.25,6.00,6.00,1.00,0.00,1.60
16.00,42.00,785.71,785.71,6.00,6.00,1.00,0.00,1.40
4.50,62.00,778.01,1000.00,6.00,6.00,1.00,0.00,2.40
18.00,33.00,777.78,793.10,6.00,6.00,1.00,0.00,2.00
16.00,37.00,791.89,833.33,6.00,6.00,1.00,0.00,1.80
17.50,30.00,767.95,800.00,6.00,6.00,1.00,0.00,1.80
15.50,31.00,787.10,857.14,6.00,6.00,1.00,0.00,1.60
10.50,41.00,753.03,833.33,6.00,6.00,1.00,0.00,2.20
37.00,56.00,783.78,787.23,6.00,6.00,1.00,0.00,2.20
26.00,80.00,782.61,800.00,6.00,6.00,1.00,0.00,2.00
21.00,80.00,761.90,787.50,6.00,6.00,1.00,0.00,2.20
30.00,63.00,775.00,833.33,6.00,6.00,1.00,0.00,2.00
19.00,64.00,780.49,1000.00,6.00,6.00,1.00,0.00,2.60
18.50,61.00,786.36,857.14,6.00,6.00,1.00,0.00,2.20
15.00,30.00,789.47,800.00,6.00,6.00,1.00,0.00,2.00
13.00,63.00,769.23,800.00,6.00,6.00,1.00,0.00,2.00
22.00,30.00,766.67,772.73,6.00,6.00,1.00,0.00,1.40
24.50,62.00,763.89,790.32,6.00,6.00,1.00,0.00,1.80
17.00,74.00,774.24,818.18,6.00,6.00,1.00,0.00,1.80
21.00,27.00,780.19,789.47,6.00,6.00,1.00,0.00,1.80
17.00,48.00,767.77,800.00,6.00,6.00,1.00,0.00,2.40
18.00,41.00,777.78,780.49,6.00,6.00,1.00,0.00,2.20
40.50,41.00,777.74,780.49,6.00,6.00,1.00,0.00,1.80
27.50,62.00,795.16,800.00,6.00,6.00,1.00,0.00,1.80
21.50,28.00,785.71,800.00,6.00,6.00,1.00,0.00,1.80
19.00,27.00,777.78,800.00,6.00,6.00,1.00,0.00,2.20
29.00,62.00,784.05,857.14,6.00,6.00,1.00,0.00,2.00
22.00,39.00,760.00,772.73,6.00,6.00,1.00,0.00,2.00
63.00,107.00,777.78,800.00,7.00,7.00,1.00,0.00,2.00
62.00,63.00,774.13,777.78,6.00,7.00,1.00,0.00,1.00
19.00,32.00,772.98,809.52,6.00,6.00,1.00,0.00,2.00
27.00,69.00,775.00,782.61,6.00,6.00,1.00,0.00,2.20
45.00,68.00,777.78,779.41,6.50,7.00,1.00,0.00,1.60
20.50,52.00,755.00,788.46,6.00,6.00,1.00,0.00,1.60
13.00,25.00,789.47,818.18,6.00,6.00,1.00,0.00,2.20
15.00,28.00,777.78,785.71,6.00,6.00,1.00,0.00,2.00
24.00,67.00,775.51,791.67,6.00,6.00,1.00,0.00,2.20
61.00,62.00,786.89,790.32,6.00,6.00,1.00,0.00,2.00
12.00,16.00,750.00,750.00,6.00,6.00,1.00,0.00,1.20
24.50,76.00,769.11,791.67,6.00,6.00,1.00,0.00,1.80
15.00,16.00,800.00,812.50,6.00,6.00,1.00,0.00,2.00
4.00,35.00,750.00,777.78,6.00,6.00,1.00,0.00,2.00
32.00,62.00,775.51,800.00,6.00,6.00,1.00,0.00,1.80
22.00,49.00,774.19,812.50,6.00,6.00,1.00,0.00,2.00
13.50,18.00,759.62,777.78,6.00,6.00,1.00,0.00,1.80
40.00,71.00,783.78,788.73,6.00,6.00,1.00,0.00,1.40
22.00,62.00,772.73,777.78,6.00,6.00,1.00,0.00,2.20
17.00,85.00,764.71,776.47,6.00,6.00,1.00,0.00,2.00
39.00,75.00,773.33,794.87,6.00,6.00,1.00,0.00,1.40
16.00,63.00,766.67,812.50,6.00,6.00,1.00,0.00,2.20
39.00,82.00,780.24,785.71,6.00,6.00,1.00,0.00,2.00
27.00,49.00,771.43,795.92,6.00,6.00,1.00,0.00,2.00
15.50,35.00,770.33,800.00,6.00,6.00,1.00,0.00,1.80
18.50,78.00,772.73,857.14,6.00,6.00,1.00,0.00,1.80
21.00,24.00,809.52,833.33,6.00,6.00,1.00,0.00,1.40
22.00,37.00,772.73,785.71,6.00,6.00,1.00,0.00,2.00
15.50,29.00,796.55,833.33,6.00,6.00,1.00,0.00,1.60
16.00,35.00,759.62,777.78,6.00,6.00,1.00,0.00,2.20
25.00,49.00,775.51,812.50,6.00,6.00,1.00,0.00,2.00
22.00,62.00,777.78,818.18,6.00,6.00,1.00,0.00,2.00
47.00,64.00,787.23,787.88,6.00,6.00,1.00,0.00,1.60
16.50,27.00,777.78,818.18,6.00,6.00,1.00,0.00,2.40
7.00,58.00,750.00,857.14,6.00,6.00,1.00,0.00,2.20
27.00,68.00,779.41,800.00,6.00,6.00,1.00,0.00,1.80
14.00,62.00,785.71,818.18,6.00,6.00,1.00,0.00,1.80
18.50,48.00,783.63,791.67,6.00,6.00,1.00,0.00,1.80
17.50,55.00,762.10,781.82,6.00,6.00,1.00,0.00,2.00
24.00,58.00,777.78,793.10,6.00,6.00,1.00,0.00,2.00
24.00,26.00,769.23,777.78,6.00,6.00,1.00,0.00,1.40
22.00,39.00,773.50,789.47,6.00,6.00,1.00,0.00,1.80
32.00,46.00,782.61,818.18,6.00,6.00,1.00,0.00,1.60
25.00,64.00,781.25,1000.00,6.00,7.00,1.00,0.00,2.20
16.00,44.00,812.50,833.33,6.00,6.00,1.00,0.00,1.60
20.00,64.00,775.24,785.71,6.00,7.00,1.00,0.00,1.80
22.00,53.00,772.73,773.58,6.00,6.00,1.00,0.00,1.40
14.50,63.00,763.89,777.78,6.00,7.00,1.00,0.00,2.40
12.50,63.00,796.83,1000.00,6.00,6.00,1.00,0.00,2.40
38.50,63.00,783.63,793.10,6.00,6.00,1.00,0.00,2.00
33.00,38.00,787.88,789.47,6.00,7.00,1.00,0.00,1.60
20.00,91.00,775.25,780.22,6.00,6.00,1.00,0.00,1.80
33.00,47.00,787.23,787.88,6.00,6.00,1.00,0.00,1.40
19.00,63.00,777.78,1000.00,6.00,6.00,1.00,0.00,2.40
37.50,46.00,778.80,800.00,6.00,6.00,1.00,0.00,2.00
17.50,63.00,763.89,789.47,6.00,6.00,1.00,0.00,1.80
15.50,16.00,806.25,812.50,6.00,6.00,1.00,0.00,1.20
39.00,58.00,769.23,775.86,6.00,6.00,1.00,0.00,1.60
37.00,67.00,776.12,783.78,6.00,6.00,1.00,0.00,2.00
13.50,52.00,759.62,789.47,6.00,6.00,1.00,0.00,2.20
14.50,63.00,769.23,777.78,6.00,6.00,1.00,0.00,2.40
34.00,63.00,780.19,800.00,6.00,6.00,1.00,0.00,1.80
17.00,62.00,790.32,800.00,6.00,6.00,1.00,0.00,1.60
37.00,62.00,785.06,800.00,6.00,6.00,1.00,0.00,1.80
13.00,30.00,766.67,785.71,6.00,6.00,1.00,0.00,2.00
24.50,27.00,780.19,807.69,6.00,6.00,1.00,0.00,2.20
22.00,23.00,772.73,800.00,6.00,6.00,1.00,0.00,2.00
18.00,27.00,777.78,777.78,6.00,6.00,1.00,0.00,1.80
21.00,40.00,786.04,833.33,6.00,6.00,1.00,0.00,1.80
21.50,44.00,772.08,833.33,6.00,6.00,1.00,0.00,2.20
22.00,77.00,779.22,800.00,6.00,6.00,1.00,0.00,2.20
17.00,63.00,774.19,800.00,6.00,6.00,1.00,0.00,2.20
36.00,63.00,784.05,800.00,6.00,6.00,1.00,0.00,1.80
27.00,63.00,777.78,800.00,6.00,6.00,1.00,0.00,2.00
19.00,29.00,791.30,818.18,6.00,6.00,1.00,0.00,1.80
29.50,64.00,769.23,781.25,6.00,7.00,1.00,0.00,1.80
43.00,43.00,767.44,777.78,6.00,6.00,1.00,0.00,1.40
15.50,69.00,791.30,833.33,6.00,6.00,1.00,0.00,2.40
11.00,57.00,789.47,800.00,7.00,7.00,1.00,0.00,1.60
19.00,62.00,789.47,790.32,6.00,6.00,1.00,0.00,1.80
22.00,41.00,772.73,787.88,6.00,6.00,1.00,0.00,2.20
25.00,31.00,770.43,800.00,6.00,6.00,1.00,0.00,1.80
3.50,62.00,770.16,1000.00,6.00,6.00,1.00,0.00,2.40
23.00,38.00,777.78,782.61,6.00,7.00,1.00,0.00,2.20
25.00,52.00,788.46,800.00,6.00,6.00,1.00,0.00,2.00
12.00,18.00,777.78,785.71,6.00,6.00,1.00,0.00,2.00
63.00,70.00,777.78,785.71,6.00,6.00,1.00,0.00,1.40
41.00,63.00,777.78,780.49,6.00,6.00,1.00,0.00,2.20
62.00,63.00,777.78,790.32,6.00,6.00,1.00,0.00,1.60
15.00,20.00,750.00,769.23,6.00,6.00,1.00,0.00,1.40
21.00,78.00,782.05,809.52,6.00,6.00,1.00,0.00,1.80
22.00,71.00,774.65,789.47,6.00,6.00,1.00,0.00,1.20
3.00,50.00,771.43,1000.00,6.00,6.00,1.00,0.00,2.60
17.00,38.00,764.71,833.33,6.00,6.00,1.00,0.00,2.20
20.00,35.00,750.00,771.43,6.00,6.00,1.00,0.00,1.80
34.00,57.00,771.93,794.12,6.00,6.00,1.00,0.00,1.40
21.50,55.00,765.91,782.61,6.00,6.00,1.00,0.00,2.00
5.00,64.00,780.87,1000.00,6.00,6.00,1.00,0.00,2.40
16.50,37.00,774.24,800.00,6.00,6.00,1.00,0.00,2.00
34.00,54.00,763.72,777.78,6.00,6.00,1.00,0.00,1.80
14.00,34.00,785.71,800.00,6.00,6.00,1.00,0.00,2.20
15.00,17.00,769.23,800.00,6.00,6.00,1.00,0.00,1.60
20.50,64.00,719.05,781.25,6.00,6.00,1.00,0.00,1.60
18.00,56.00,785.71,833.33,6.00,6.00,1.00,0.00,1.40
43.50,63.00,784.72,800.00,6.00,6.00,1.00,0.00,1.80
22.00,29.00,759.31,789.47,6.00,6.00,1.00,0.00,1.80
16.00,30.00,764.71,833.33,6.00,6.00,1.00,0.00,2.20
10.00,62.00,789.47,1000.00,6.00,6.00,1.00,0.00,2.60
28.50,59.00,769.83,781.25,6.00,6.00,1.00,0.00,1.80
17.00,18.00,764.71,800.00,6.00,6.00,1.00,0.00,2.00
39.50,63.00,771.71,777.78,6.00,6.00,1.00,0.00,1.80
22.00,36.00,772.73,777.78,6.00,6.00,1.00,0.00,1.40
5.00,34.00,761.90,800.00,6.00,6.00,1.00,0.00,2.40
21.50,63.00,777.78,791.67,6.00,6.00,1.00,0.00,2.20
21.00,43.00,767.44,809.52,6.00,6.00,1.00,0.00,2.20
18.50,42.00,757.35,785.71,6.00,6.00,1.00,0.00,1.80
32.00,63.00,777.78,781.25,6.00,6.00,1.00,0.00,1.40
21.00,63.00,786.32,1000.00,6.00,6.00,1.00,0.00,1.80
33.00,94.00,772.73,776.60,6.00,6.00,1.00,0.00,1.80
34.00,40.00,777.78,794.12,6.00,6.00,1.00,0.00,1.40
14.50,44.00,775.25,777.78,6.00,6.00,1.00,0.00,1.60
27.50,63.00,764.71,777.78,6.00,6.00,1.00,0.00,1.80
4.00,48.00,750.00,791.67,6.00,7.00,1.00,0.00,2.20
17.00,78.00,777.78,782.05,7.00,7.00,1.00,0.00,2.20
18.00,31.00,777.78,800.00,6.00,6.00,1.00,0.00,2.20
40.50,81.00,762.10,777.78,6.00,6.00,1.00,0.00,2.00
35.00,63.00,777.78,800.00,6.00,6.00,1.00,0.00,1.40
24.50,33.00,782.83,800.00,6.00,6.00,1.00,0.00,1.80
49.50,63.00,777.78,781.25,6.00,6.00,1.00,0.00,1.80
28.50,45.00,763.89,777.78,6.00,6.00,1.00,0.00,1.20
17.00,18.00,764.71,777.78,6.00,6.00,1.00,0.00,1.60
27.00,49.00,777.78,795.92,6.00,6.00,1.00,0.00,1.40
48.00,62.00,785.71,791.67,6.00,6.00,1.00,0.00,1.20
24.50,48.00,785.42,857.14,6.00,6.00,1.00,0.00,1.80
20.00,31.00,769.23,785.71,6.00,6.00,1.00,0.00,2.00
15.50,18.00,763.89,785.71,6.00,6.00,1.00,0.00,2.20
22.00,41.00,772.73,787.88,6.00,6.00,1.00,0.00,1.80
30.00,93.00,784.95,800.00,6.00,6.00,1.00,0.00,2.20
13.50,24.00,757.35,777.78,6.00,6.00,1.00,0.00,1.80
12.00,39.00,769.23,833.33,6.00,6.00,1.00,0.00,2.20
19.00,22.00,736.84,772.73,6.00,6.00,1.00,0.00,2.40
27.50,62.00,776.64,790.32,6.00,6.00,1.00,0.00,2.40
5.00,14.00,785.71,800.00,6.00,6.00,1.00,0.00,1.40
51.50,80.00,783.77,791.67,6.00,6.00,1.00,0.00,1.60
14.00,64.00,785.71,800.00,6.00,6.00,1.00,0.00,1.80
18.00,42.00,761.90,780.49,6.00,6.00,1.00,0.00,1.80
