996.00,15924.00,431.73,432.43,6.00,6.00,0.00,3.00,3.40
1892.00,30131.00,431.89,432.17,6.00,7.00,0.00,3.00,3.40
1895.00,30111.00,431.84,432.03,7.00,7.00,0.00,3.00,3.40
1916.00,30127.00,431.84,432.04,6.00,7.00,0.00,3.00,3.40
1898.00,30145.00,431.81,432.16,6.00,7.00,0.00,3.00,3.40
1863.00,30115.00,431.90,432.18,7.00,7.00,0.00,3.00,3.40
1742.00,27814.00,431.82,432.17,6.00,6.00,0.00,3.00,3.40
1884.00,30131.00,431.82,432.07,6.00,7.00,0.00,3.00,3.40
1898.00,30130.00,431.78,432.17,7.00,7.00,0.00,3.00,3.40
2029.00,32441.00,431.66,432.16,7.00,7.00,0.00,3.00,3.40
1870.00,30119.00,431.79,432.01,6.00,7.00,0.00,3.00,3.40
2043.00,32421.00,431.87,432.15,7.00,7.00,0.00,3.00,3.40
1901.00,30115.00,431.85,432.04,7.00,7.00,0.00,3.00,3.40
1875.00,30098.00,431.95,432.19,6.00,7.00,0.00,3.00,3.40
1877.00,30102.00,431.91,432.07,7.00,7.00,0.00,3.00,3.40
2024.00,32384.00,431.82,432.09,7.00,7.00,0.00,3.00,3.40
1848.00,30124.00,431.82,432.06,6.00,7.00,0.00,3.00,3.40
2052.00,32382.00,431.91,432.12,7.00,8.00,0.00,3.00,3.40
1873.00,30069.00,431.93,432.16,6.00,7.00,0.00,3.00,3.40
1884.00,30107.00,431.89,432.09,7.00,7.00,0.00,3.00,3.40
1875.00,30086.00,431.90,432.09,6.00,7.00,0.00,3.00,3.40
1875.00,30124.00,431.88,432.14,7.00,7.00,0.00,3.00,3.40
1876.00,30095.00,431.85,432.13,6.00,7.00,0.00,3.00,3.40
1886.00,30111.00,431.81,432.11,6.00,7.00,0.00,3.00,3.40
1869.00,30125.00,431.94,432.07,7.00,7.00,0.00,3.00,3.40
1747.00,27804.00,431.78,432.04,6.00,7.00,0.00,3.00,3.40
1896.00,30170.00,431.91,432.07,7.00,7.00,0.00,3.00,3.40
1891.00,30116.00,431.87,432.17,6.00,7.00,0.00,3.00,3.40
1879.00,30128.00,431.86,432.07,6.00,7.00,0.00,3.00,3.40
1865.00,30120.00,431.83,432.10,7.00,7.00,0.00,3.00,3.40
1891.00,30122.00,431.84,432.04,6.00,7.00,0.00,3.00,3.40
1735.00,27849.00,431.83,432.09,7.00,7.00,0.00,3.00,3.40
1884.00,30114.00,431.82,431.99,6.00,7.00,0.00,3.00,3.40
1890.00,30122.00,431.81,432.16,7.00,7.00,0.00,3.00,3.40
1897.00,30123.00,431.89,432.00,6.00,7.00,0.00,3.00,3.40
1883.00,30111.00,431.76,432.14,7.00,7.00,0.00,3.00,3.40
1892.00,30119.00,431.86,432.09,6.00,7.00,0.00,3.00,3.40
1886.00,30116.00,431.83,432.09,7.00,7.00,0.00,3.00,3.40
1873.00,30108.00,431.79,432.05,6.00,6.00,0.00,3.00,3.40
1902.00,30123.00,431.85,432.07,7.00,7.00,0.00,3.00,3.40
1866.00,30114.00,431.82,432.11,6.00,7.00,0.00,3.00,3.40
1875.00,30099.00,431.86,432.01,7.00,7.00,0.00,3.00,3.40
1716.00,27797.00,431.82,431.99,6.00,7.00,0.00,3.00,3.40
1870.00,30111.00,431.97,432.17,6.00,7.00,0.00,3.00,3.40
1854.00,29849.00,431.82,432.08,7.00,7.00,0.00,3.00,3.40
2167.00,34592.00,431.97,432.10,7.00,7.00,0.00,3.00,3.40
1869.00,30091.00,431.82,432.17,7.00,7.00,0.00,3.00,3.40
1886.00,30036.00,431.85,432.02,6.00,7.00,0.00,3.00,3.40
1871.00,29919.00,431.85,432.04,7.00,7.00,0.00,3.00,3.40
1886.00,30134.00,431.88,432.11,6.00,7.00,0.00,3.00,3.40
1880.00,30099.00,431.74,432.03,7.00,7.00,0.00,3.00,3.40
2048.00,32429.00,431.76,432.11,7.00,7.00,0.00,3.00,3.40
1879.00,30130.00,431.90,432.18,7.00,7.00,0.00,3.00,3.40
2029.00,32427.00,431.83,432.08,7.00,7.00,0.00,3.00,3.40
1877.00,30117.00,431.67,432.11,7.00,7.00,0.00,3.00,3.40
1912.00,30123.00,431.92,432.15,6.00,7.00,0.00,3.00,3.40
1889.00,30125.00,431.94,432.09,7.00,7.00,0.00,3.00,3.40
1872.00,30125.00,431.75,432.11,6.00,7.00,0.00,3.00,3.40
1869.00,30111.00,431.95,432.12,7.00,7.00,0.00,3.00,3.40
1878.00,30114.00,431.97,432.19,7.00,7.00,0.00,3.00,3.40
1876.00,30114.00,431.90,432.16,6.00,7.00,0.00,3.00,3.40
1853.00,30125.00,431.78,432.07,7.00,7.00,0.00,3.00,3.40
2041.00,32423.00,431.81,432.09,6.00,7.00,0.00,3.00,3.40
1882.00,30117.00,431.89,432.06,7.00,7.00,0.00,3.00,3.40
1868.00,30076.00,431.71,432.14,6.00,7.00,0.00,3.00,3.40
1758.00,27794.00,431.90,432.10,7.00,7.00,0.00,3.00,3.40
1888.00,30117.00,431.86,432.06,6.00,7.00,0.00,3.00,3.40
1892.00,30136.00,431.82,432.07,7.00,7.00,0.00,3.00,3.40
2039.00,32428.00,431.80,432.09,6.00,7.00,0.00,3.00,3.40
1892.00,30116.00,431.74,432.00,7.00,7.00,0.00,3.00,3.40
1880.00,30125.00,431.91,432.15,6.00,6.00,0.00,3.00,3.40
1885.00,30111.00,431.92,432.07,7.00,7.00,0.00,3.00,3.40
1898.00,30116.00,431.88,432.14,6.00,7.00,0.00,3.00,3.40
1867.00,30124.00,431.90,432.16,7.00,7.00,0.00,3.00,3.40
1881.00,30107.00,431.84,432.12,6.00,7.00,0.00,3.00,3.40
1869.00,30132.00,431.76,432.06,7.00,7.00,0.00,3.00,3.40
1881.00,30110.00,431.86,432.09,6.00,7.00,0.00,3.00,3.40
1874.00,30069.00,431.79,432.07,7.00,7.00,0.00,3.00,3.40
1883.00,30120.00,431.94,432.12,6.00,7.00,0.00,3.00,3.40
1889.00,30121.00,431.93,432.05,7.00,7.00,0.00,3.00,3.40
2008.00,32435.00,431.87,432.05,7.00,7.00,0.00,3.00,3.40
1885.00,30113.00,431.77,431.97,6.00,7.00,0.00,3.00,3.40
1886.00,30110.00,431.77,432.04,7.00,7.00,0.00,3.00,3.40
1896.00,30117.00,431.77,432.17,6.00,7.00,0.00,3.00,3.40
1859.00,30112.00,431.78,432.08,7.00,7.00,0.00,3.00,3.40
1867.00,30121.00,431.83,432.07,7.00,7.00,0.00,3.00,3.40
1872.00,30108.00,431.92,432.07,6.00,7.00,0.00,3.00,3.40
1882.00,30127.00,431.97,432.13,7.00,7.00,0.00,3.00,3.40
1878.00,30131.00,431.84,432.14,6.00,7.00,0.00,3.00,3.40
1884.00,30131.00,431.85,432.12,6.00,7.00,0.00,3.00,3.40
1875.00,30129.00,431.85,432.04,7.00,7.00,0.00,3.00,3.40
1899.00,30082.00,431.83,432.18,6.00,7.00,0.00,3.00,3.40
1873.00,30080.00,431.72,432.09,7.00,7.00,0.00,3.00,3.40
1886.00,30120.00,431.79,432.05,6.00,7.00,0.00,3.00,3.40
1906.00,30120.00,431.97,432.11,7.00,7.00,0.00,3.00,3.40
1892.00,30113.00,431.93,432.18,7.00,7.00,0.00,3.00,3.40
1899.00,30131.00,431.81,432.17,6.00,7.00,0.00,3.00,3.40
1893.00,30122.00,431.91,432.12,7.00,7.00,0.00,3.00,3.40
1877.00,30118.00,431.70,432.07,6.00,7.00,0.00,3.00,3.40
1901.00,30113.00,431.88,432.06,6.00,7.00,0.00,3.00,3.40
1886.00,30103.00,431.85,431.98,7.00,7.00,0.00,3.00,3.40
1912.00,30118.00,431.93,432.13,7.00,7.00,0.00,3.00,3.40
1856.00,30116.00,431.94,432.11,6.00,7.00,0.00,3.00,3.40
1880.00,30121.00,431.89,432.10,7.00,7.00,0.00,3.00,3.40
1893.00,30130.00,431.82,432.13,6.00,7.00,0.00,3.00,3.40
1891.00,30104.00,431.83,432.12,7.00,7.00,0.00,3.00,3.40
1873.00,30098.00,431.93,432.10,6.00,7.00,0.00,3.00,3.40
1867.00,30113.00,431.94,432.04,7.00,7.00,0.00,3.00,3.40
1863.00,30120.00,431.87,432.16,6.00,6.00,0.00,3.00,3.40
1875.00,30126.00,431.96,432.12,7.00,7.00,0.00,3.00,3.40
1891.00,30111.00,431.85,432.14,6.00,7.00,0.00,3.00,3.40
1888.00,30125.00,431.92,432.12,7.00,7.00,0.00,3.00,3.40
1890.00,30135.00,431.73,432.07,6.00,7.00,0.00,3.00,3.40
1873.00,30115.00,431.83,432.18,7.00,7.00,0.00,3.00,3.40
1891.00,30117.00,431.79,432.17,6.00,7.00,0.00,3.00,3.40
1854.00,30109.00,431.79,432.14,7.00,7.00,0.00,3.00,3.40
1866.00,30118.00,431.76,432.11,6.00,7.00,0.00,3.00,3.40
1898.00,30118.00,431.76,432.03,7.00,7.00,0.00,3.00,3.40
1876.00,30118.00,431.88,432.00,6.00,7.00,0.00,3.00,3.40
1901.00,30104.00,431.87,432.05,7.00,7.00,0.00,3.00,3.40
1884.00,30134.00,431.84,432.07,6.00,7.00,0.00,3.00,3.40
1873.00,30123.00,431.82,432.00,7.00,7.00,0.00,3.00,3.40
1906.00,30118.00,431.79,432.08,6.00,7.00,0.00,3.00,3.40
1884.00,30114.00,431.77,432.09,7.00,7.00,0.00,3.00,3.40
1861.00,30126.00,431.89,432.09,6.00,7.00,0.00,3.00,3.40
1880.00,30140.00,431.84,432.04,7.00,7.00,0.00,3.00,3.40
1896.00,30124.00,431.84,432.05,6.00,6.00,0.00,3.00,3.40
1897.00,30115.00,431.93,432.15,7.00,7.00,0.00,3.00,3.40
1868.00,30116.00,431.85,432.10,6.00,6.00,0.00,3.00,3.40
1870.00,30112.00,431.83,432.06,7.00,7.00,0.00,3.00,3.40
1887.00,30108.00,431.75,432.16,6.00,7.00,0.00,3.00,3.40
1890.00,30133.00,431.74,432.05,7.00,7.00,0.00,3.00,3.40
1865.00,30109.00,431.80,432.00,6.00,7.00,0.00,3.00,3.40
1885.00,30117.00,431.74,432.08,7.00,7.00,0.00,3.00,3.40
2012.00,32451.00,431.91,432.10,7.00,7.00,0.00,3.00,3.40
1854.00,30120.00,431.79,432.04,6.00,7.00,0.00,3.00,3.40
1869.00,30117.00,431.86,432.09,7.00,7.00,0.00,3.00,3.40
1891.00,30118.00,431.88,432.04,6.00,7.00,0.00,3.00,3.40
1866.00,30124.00,431.82,432.15,7.00,7.00,0.00,3.00,3.40
1868.00,30128.00,431.88,432.05,6.00,7.00,0.00,3.00,3.40
2015.00,32468.00,431.83,432.07,7.00,7.00,0.00,3.00,3.40
2025.00,32430.00,431.89,432.14,7.00,7.00,0.00,3.00,3.40
1897.00,30115.00,431.74,432.04,7.00,7.00,0.00,3.00,3.40
1884.00,30108.00,431.90,432.13,6.00,7.00,0.00,3.00,3.40
1878.00,30105.00,431.73,432.01,7.00,7.00,0.00,3.00,3.40
1880.00,30127.00,431.97,432.12,6.00,7.00,0.00,3.00,3.40
1847.00,30120.00,431.89,432.11,7.00,7.00,0.00,3.00,3.40
1856.00,30078.00,431.72,432.13,6.00,7.00,0.00,3.00,3.40
1879.00,30125.00,431.85,432.17,7.00,7.00,0.00,3.00,3.40
1893.00,30111.00,431.85,432.19,7.00,7.00,0.00,3.00,3.40
2027.00,32448.00,431.90,431.98,6.00,7.00,0.00,3.00,3.40
1895.00,30133.00,431.78,432.12,7.00,7.00,0.00,3.00,3.40
1875.00,30124.00,431.83,432.18,6.00,7.00,0.00,3.00,3.40
1877.00,30111.00,431.78,432.17,7.00,7.00,0.00,3.00,3.40
1902.00,30114.00,431.87,432.04,6.00,7.00,0.00,3.00,3.40
1875.00,30031.00,431.82,432.07,7.00,7.00,0.00,3.00,3.40
2020.00,32402.00,431.92,432.07,7.00,7.00,0.00,3.00,3.40
1888.00,30120.00,431.84,432.07,6.00,7.00,0.00,3.00,3.40
1890.00,30114.00,431.77,432.00,7.00,7.00,0.00,3.00,3.40
1882.00,30124.00,431.88,432.13,6.00,7.00,0.00,3.00,3.40
1865.00,30096.00,431.96,432.17,7.00,7.00,0.00,3.00,3.40
2025.00,32428.00,431.72,432.11,7.00,7.00,0.00,3.00,3.40
1887.00,30081.00,431.76,432.06,6.00,7.00,0.00,3.00,3.40
1873.00,30117.00,431.83,432.09,7.00,7.00,0.00,3.00,3.40
1874.00,30111.00,431.76,432.11,6.00,7.00,0.00,3.00,3.40
1877.00,30105.00,431.72,432.07,7.00,7.00,0.00,3.00,3.40
1998.00,32365.00,431.93,432.15,7.00,7.00,0.00,3.00,3.40
1879.00,30094.00,431.92,432.14,6.00,7.00,0.00,3.00,3.40
1901.00,30109.00,431.85,432.03,7.00,7.00,0.00,3.00,3.40
1875.00,30120.00,431.81,432.05,7.00,7.00,0.00,3.00,3.40
1882.00,30120.00,431.95,432.17,6.00,7.00,0.00,3.00,3.40
1882.00,30106.00,431.97,432.11,7.00,7.00,0.00,3.00,3.40
2025.00,32426.00,431.82,432.16,6.00,7.00,0.00,3.00,3.40
1925.00,30099.00,431.77,432.01,7.00,7.00,0.00,3.00,3.40
1896.00,30125.00,431.90,432.11,6.00,7.00,0.00,3.00,3.40
1904.00,30125.00,431.76,432.01,7.00,7.00,0.00,3.00,3.40
2052.00,32425.00,431.83,431.98,7.00,7.00,0.00,3.00,3.40
1857.00,30086.00,431.87,432.07,6.00,7.00,0.00,3.00,3.40
1891.00,30098.00,431.89,432.12,7.00,7.00,0.00,3.00,3.40
1878.00,30113.00,431.85,432.06,6.00,7.00,0.00,3.00,3.40
1886.00,30126.00,431.77,432.12,7.00,7.00,0.00,3.00,3.40
1878.00,30111.00,431.94,432.13,7.00,7.00,0.00,3.00,3.40
1879.00,30065.00,431.85,432.04,6.00,7.00,0.00,3.00,3.40
2028.00,32434.00,431.90,432.05,7.00,7.00,0.00,3.00,3.40
1877.00,30114.00,431.87,432.07,6.00,7.00,0.00,3.00,3.40
1879.00,30122.00,431.87,432.13,7.00,7.00,0.00,3.00,3.40
1911.00,30136.00,431.84,432.11,7.00,7.00,0.00,3.00,3.40
1884.00,30124.00,431.93,432.11,6.00,7.00,0.00,3.00,3.40
2040.00,32438.00,431.91,432.15,7.00,7.00,0.00,3.00,3.40
1882.00,30140.00,431.95,432.14,7.00,7.00,0.00,3.00,3.40
1894.00,30112.00,431.89,432.06,6.00,7.00,0.00,3.00,3.40
1879.00,30117.00,431.82,432.04,7.00,7.00,0.00,3.00,3.40
1869.00,30126.00,431.87,431.99,6.00,7.00,0.00,3.00,3.40
1893.00,30113.00,431.82,432.09,7.00,7.00,0.00,3.00,3.40
2000.00,32447.00,431.88,432.17,6.00,7.00,0.00,3.00,3.40
1874.00,30122.00,431.78,432.09,7.00,7.00,0.00,3.00,3.40
1888.00,30104.00,431.73,432.07,7.00,7.00,0.00,3.00,3.40
1882.00,30121.00,431.91,432.19,6.00,7.00,0.00,3.00,3.40
1859.00,30132.00,431.78,432.13,7.00,7.00,0.00,3.00,3.40
1891.00,30108.00,431.85,432.05,6.00,7.00,0.00,3.00,3.40
2026.00,32435.00,431.82,432.00,7.00,7.00,0.00,3.00,3.40
1877.00,30120.00,431.82,432.07,7.00,7.00,0.00,3.00,3.40
1884.00,30105.00,431.92,432.06,6.00,7.00,0.00,3.00,3.40
1856.00,30102.00,431.86,432.18,7.00,7.00,0.00,3.00,3.40
1885.00,30125.00,431.83,432.10,6.00,7.00,0.00,3.00,3.40
1861.00,30102.00,431.81,432.14,7.00,7.00,0.00,3.00,3.40
1871.00,30134.00,431.87,432.02,6.00,6.00,0.00,3.00,3.40
1891.00,30142.00,431.90,432.07,7.00,7.00,0.00,3.00,3.40
1895.00,30119.00,431.86,432.05,6.00,7.00,0.00,3.00,3.40
2034.00,32420.00,431.84,432.13,7.00,7.00,0.00,3.00,3.40
1879.00,30120.00,431.79,432.07,7.00,7.00,0.00,3.00,3.40
1884.00,30105.00,431.85,432.16,6.00,7.00,0.00,3.00,3.40
1886.00,30130.00,431.93,432.13,7.00,7.00,0.00,3.00,3.40
1886.00,30129.00,431.78,432.08,6.00,7.00,0.00,3.00,3.40
1883.00,30123.00,431.79,432.00,7.00,7.00,0.00,3.00,3.40
1889.00,30124.00,431.92,432.06,6.00,7.00,0.00,3.00,3.40
1891.00,30137.00,431.93,432.05,7.00,7.00,0.00,3.00,3.40
1895.00,30109.00,431.71,432.00,6.00,7.00,0.00,3.00,3.40
2040.00,32430.00,431.86,432.10,7.00,7.00,0.00,3.00,3.40
1875.00,30127.00,431.89,432.05,7.00,7.00,0.00,3.00,3.40
1894.00,30130.00,431.98,432.14,6.00,7.00,0.00,3.00,3.40
1871.00,30124.00,431.94,432.04,7.00,7.00,0.00,3.00,3.40
1875.00,30110.00,431.91,432.02,6.00,7.00,0.00,3.00,3.40
2011.00,32425.00,431.99,432.12,7.00,7.00,0.00,3.00,3.40
1881.00,30120.00,431.69,432.09,7.00,7.00,0.00,3.00,3.40
1857.00,30118.00,431.88,432.17,6.00,7.00,0.00,3.00,3.40
1891.00,30129.00,431.82,432.09,7.00,7.00,0.00,3.00,3.40
2013.00,32430.00,431.86,432.07,7.00,7.00,0.00,3.00,3.40
1867.00,30110.00,431.82,432.08,6.00,7.00,0.00,3.00,3.40
1891.00,30106.00,431.97,432.06,7.00,7.00,0.00,3.00,3.40
1873.00,30111.00,431.89,432.03,6.00,7.00,0.00,3.00,3.40
1871.00,30131.00,431.86,432.17,7.00,7.00,0.00,3.00,3.40
1879.00,30131.00,431.76,432.09,6.00,7.00,0.00,3.00,3.40
1877.00,30106.00,431.88,432.10,7.00,7.00,0.00,3.00,3.40
1878.00,30129.00,431.69,431.99,6.00,7.00,0.00,3.00,3.40
1899.00,30121.00,431.97,432.10,7.00,7.00,0.00,3.00,3.40
1877.00,30124.00,431.88,432.08,6.00,7.00,0.00,3.00,3.40
1894.00,30057.00,431.82,432.09,7.00,7.00,0.00,3.00,3.40
2026.00,32287.00,431.85,432.00,7.00,7.00,0.00,3.00,3.40
1898.00,30119.00,431.91,432.01,6.00,7.00,0.00,3.00,3.40
1890.00,30139.00,431.77,432.10,7.00,7.00,0.00,3.00,3.40
1865.00,30122.00,431.85,432.17,6.00,7.00,0.00,3.00,3.40
1882.00,30147.00,431.84,432.11,7.00,7.00,0.00,3.00,3.40
1887.00,30111.00,431.71,432.03,6.00,7.00,0.00,3.00,3.40
1880.00,30127.00,431.83,432.10,7.00,7.00,0.00,3.00,3.40
1875.00,30108.00,431.84,432.11,6.00,7.00,0.00,3.00,3.40
1892.00,30118.00,431.87,432.13,7.00,7.00,0.00,3.00,3.40
1737.00,27798.00,431.82,432.03,6.00,7.00,0.00,3.00,3.40
1890.00,30126.00,431.75,432.12,6.00,7.00,0.00,3.00,3.40
1887.00,30116.00,431.88,432.11,7.00,7.00,0.00,3.00,3.40
1883.00,30126.00,431.86,432.18,6.00,6.00,0.00,3.00,3.40
1744.00,27821.00,431.84,432.14,7.00,7.00,0.00,3.00,3.40
1874.00,30115.00,431.81,432.13,6.00,7.00,0.00,3.00,3.40
1869.00,30125.00,431.89,432.11,6.00,7.00,0.00,3.00,3.40
1888.00,30127.00,431.79,432.08,7.00,7.00,0.00,3.00,3.40
1867.00,30115.00,431.85,432.11,6.00,7.00,0.00,3.00,3.40
1751.00,27815.00,431.75,432.17,7.00,7.00,0.00,3.00,3.40
1880.00,30124.00,431.78,432.02,6.00,7.00,0.00,3.00,3.40
1879.00,30133.00,431.82,432.10,6.00,7.00,0.00,3.00,3.40
1889.00,30113.00,431.76,432.04,7.00,7.00,0.00,3.00,3.40
1737.00,27808.00,431.81,432.08,6.00,6.00,0.00,3.00,3.40
1896.00,30115.00,431.81,432.19,7.00,7.00,0.00,3.00,3.40
1865.00,30123.00,431.87,432.11,6.00,7.00,0.00,3.00,3.40
1876.00,30111.00,431.77,432.11,6.00,7.00,0.00,3.00,3.40
1734.00,27798.00,431.89,432.01,7.00,7.00,0.00,3.00,3.40
1874.00,30115.00,431.87,432.16,6.00,6.00,0.00,3.00,3.40
1872.00,30104.00,431.71,432.09,7.00,7.00,0.00,3.00,3.40
1904.00,30127.00,431.82,432.03,6.00,7.00,0.00,3.00,3.40
1865.00,30114.00,431.95,432.14,7.00,7.00,0.00,3.00,3.40
1877.00,30110.00,431.93,432.18,6.00,7.00,0.00,3.00,3.40
1861.00,30124.00,431.88,432.10,6.00,7.00,0.00,3.00,3.40
1797.00,27794.00,431.83,432.05,7.00,7.00,0.00,3.00,3.40
1892.00,30116.00,431.71,432.00,6.00,7.00,0.00,3.00,3.40
1888.00,30111.00,431.81,432.11,7.00,7.00,0.00,3.00,3.40
1894.00,30119.00,431.83,432.11,6.00,7.00,0.00,3.00,3.40
1868.00,30131.00,431.94,432.07,7.00,7.00,0.00,3.00,3.40
1989.00,32382.00,431.77,432.09,6.00,7.00,0.00,3.00,3.40
1750.00,27809.00,431.85,432.03,7.00,7.00,0.00,3.00,3.40
1890.00,30126.00,431.83,432.17,6.00,7.00,0.00,3.00,3.40
1889.00,30117.00,431.91,432.07,7.00,7.00,0.00,3.00,3.40
1859.00,30122.00,431.89,432.12,6.00,7.00,0.00,3.00,3.40
1887.00,30123.00,431.83,432.09,6.00,7.00,0.00,3.00,3.40
1726.00,27800.00,431.88,432.13,7.00,7.00,0.00,3.00,3.40
2020.00,32430.00,431.72,432.08,6.00,7.00,0.00,3.00,3.40
1730.00,27797.00,431.86,432.14,7.00,7.00,0.00,3.00,3.40
1902.00,30131.00,431.88,432.09,6.00,7.00,0.00,3.00,3.40
1882.00,30105.00,431.77,432.19,7.00,7.00,0.00,3.00,3.40
1869.00,30126.00,431.76,432.08,6.00,7.00,0.00,3.00,3.40
1875.00,30128.00,431.95,432.17,7.00,7.00,0.00,3.00,3.40
1879.00,30118.00,431.87,432.19,6.00,7.00,0.00,3.00,3.40
1877.00,30113.00,431.81,432.07,6.00,7.00,0.00,3.00,3.40
1729.00,27794.00,431.83,432.11,7.00,7.00,0.00,3.00,3.40
1895.00,30131.00,431.84,432.17,6.00,6.00,0.00,3.00,3.40
1868.00,30116.00,431.85,432.11,6.00,7.00,0.00,3.00,3.40
1752.00,27806.00,431.86,432.09,7.00,7.00,0.00,3.00,3.40
1893.00,30120.00,431.94,432.12,6.00,7.00,0.00,3.00,3.40
1884.00,30122.00,431.84,432.14,7.00,7.00,0.00,3.00,3.40
1836.00,30123.00,431.84,432.11,6.00,6.00,0.00,3.00,3.40
1877.00,30121.00,431.85,432.16,7.00,7.00,0.00,3.00,3.40
1870.00,30110.00,431.74,432.10,6.00,7.00,0.00,3.00,3.40
1879.00,30119.00,431.84,432.13,7.00,7.00,0.00,3.00,3.40
1911.00,30113.00,431.79,432.12,6.00,7.00,0.00,3.00,3.40
1738.00,27819.00,431.96,432.13,6.00,7.00,0.00,3.00,3.40
1881.00,30118.00,431.77,432.11,7.00,7.00,0.00,3.00,3.40
1897.00,30110.00,431.89,432.12,6.00,7.00,0.00,3.00,3.40
1879.00,30121.00,431.75,432.03,7.00,7.00,0.00,3.00,3.40
1888.00,30138.00,431.77,432.09,6.00,7.00,0.00,3.00,3.40
1876.00,30115.00,431.90,432.10,7.00,7.00,0.00,3.00,3.40
1884.00,30097.00,431.88,432.13,6.00,6.00,0.00,3.00,3.40
1898.00,30108.00,431.96,432.16,7.00,7.00,0.00,3.00,3.40
1890.00,30115.00,431.82,432.07,6.00,7.00,0.00,3.00,3.40
1733.00,27803.00,431.80,432.20,6.00,7.00,0.00,3.00,3.40
1896.00,30101.00,431.87,432.14,7.00,7.00,0.00,3.00,3.40
1911.00,30119.00,431.87,432.04,6.00,7.00,0.00,3.00,3.40
1857.00,30109.00,431.92,432.17,7.00,7.00,0.00,3.00,3.40
1722.00,27798.00,431.83,432.16,6.00,7.00,0.00,3.00,3.40
1869.00,30118.00,431.82,432.11,6.00,7.00,0.00,3.00,3.40
1885.00,30113.00,431.78,432.04,7.00,7.00,0.00,3.00,3.40
1901.00,30115.00,431.88,432.12,6.00,7.00,0.00,3.00,3.40
1877.00,30127.00,431.86,432.18,7.00,7.00,0.00,3.00,3.40
1721.00,27801.00,431.69,432.12,6.00,7.00,0.00,3.00,3.40
1869.00,30133.00,431.77,431.98,6.00,7.00,0.00,3.00,3.40
1883.00,30126.00,431.76,432.01,7.00,7.00,0.00,3.00,3.40
1736.00,27801.00,431.86,432.15,6.00,6.00,0.00,3.00,3.40
1876.00,30118.00,431.74,432.11,6.00,7.00,0.00,3.00,3.40
1878.00,30125.00,431.84,432.08,7.00,7.00,0.00,3.00,3.40
1895.00,30127.00,431.72,432.05,6.00,7.00,0.00,3.00,3.40
1897.00,30132.00,431.79,432.03,7.00,7.00,0.00,3.00,3.40
1894.00,30117.00,431.92,432.10,6.00,6.00,0.00,3.00,3.40
1723.00,27793.00,431.90,432.19,7.00,7.00,0.00,3.00,3.40
1880.00,30122.00,431.83,432.05,6.00,7.00,0.00,3.00,3.40
1889.00,30123.00,431.83,432.05,6.00,7.00,0.00,3.00,3.40
1731.00,27807.00,431.73,432.06,7.00,7.00,0.00,3.00,3.40
1900.00,30131.00,431.81,432.05,6.00,7.00,0.00,3.00,3.40
1859.00,30114.00,431.84,432.06,7.00,7.00,0.00,3.00,3.40
1895.00,30115.00,431.85,432.09,6.00,7.00,0.00,3.00,3.40
1890.00,30131.00,431.91,432.17,6.00,7.00,0.00,3.00,3.40
1867.00,30135.00,431.78,432.14,7.00,7.00,0.00,3.00,3.40
1865.00,30109.00,431.87,432.07,6.00,7.00,0.00,3.00,3.40
1742.00,27813.00,431.92,432.18,7.00,7.00,0.00,3.00,3.40
1899.00,30115.00,431.78,432.01,6.00,7.00,0.00,3.00,3.40
1908.00,30121.00,431.87,432.15,7.00,7.00,0.00,3.00,3.40
1905.00,30116.00,431.78,432.10,6.00,7.00,0.00,3.00,3.40
1885.00,30131.00,431.85,432.13,7.00,7.00,0.00,3.00,3.40
2092.00,32451.00,431.84,432.10,7.00,7.00,0.00,3.00,3.40
1871.00,30101.00,431.89,432.19,7.00,7.00,0.00,3.00,3.40
1708.00,27830.00,431.77,432.18,6.00,7.00,0.00,3.00,3.40
1878.00,30133.00,431.94,432.16,7.00,7.00,0.00,3.00,3.40
1858.00,30110.00,431.90,432.16,6.00,6.00,0.00,3.00,3.40
1885.00,30121.00,431.79,432.19,6.00,7.00,0.00,3.00,3.40
1885.00,30114.00,431.91,431.99,7.00,7.00,0.00,3.00,3.40
1746.00,27800.00,431.82,432.08,6.00,7.00,0.00,3.00,3.40
1882.00,30121.00,431.88,432.12,7.00,7.00,0.00,3.00,3.40
1876.00,30131.00,431.87,432.11,6.00,7.00,0.00,3.00,3.40
1891.00,30117.00,431.86,432.12,7.00,7.00,0.00,3.00,3.40
1850.00,30128.00,431.89,432.15,6.00,7.00,0.00,3.00,3.40
1747.00,27827.00,431.83,432.17,6.00,7.00,0.00,3.00,3.40
1893.00,30118.00,431.83,432.12,7.00,7.00,0.00,3.00,3.40
1890.00,30142.00,431.71,432.03,6.00,6.00,0.00,3.00,3.40
1875.00,30102.00,431.90,432.03,6.00,7.00,0.00,3.00,3.40
1898.00,30116.00,431.75,432.12,7.00,7.00,0.00,3.00,3.40
1881.00,30121.00,431.84,432.14,6.00,7.00,0.00,3.00,3.40
1894.00,30130.00,431.88,432.05,7.00,7.00,0.00,3.00,3.40
1871.00,30128.00,431.85,432.18,6.00,7.00,0.00,3.00,3.40
1751.00,27824.00,431.71,432.05,7.00,7.00,0.00,3.00,3.40
1869.00,30129.00,431.82,432.01,6.00,7.00,0.00,3.00,3.40
1906.00,30132.00,431.84,432.14,7.00,7.00,0.00,3.00,3.40
1878.00,30125.00,431.84,432.09,6.00,7.00,0.00,3.00,3.40
1922.00,30115.00,431.84,431.98,7.00,7.00,0.00,3.00,3.40
1886.00,30139.00,431.78,432.00,6.00,6.00,0.00,3.00,3.40
1887.00,30164.00,431.90,432.11,7.00,7.00,0.00,3.00,3.40
1886.00,30130.00,431.83,432.07,6.00,7.00,0.00,3.00,3.40
1912.00,30124.00,431.81,432.02,6.00,7.00,0.00,3.00,3.40
1722.00,27795.00,431.88,431.99,7.00,7.00,0.00,3.00,3.40
1894.00,30127.00,431.89,432.04,6.00,7.00,0.00,3.00,3.40
1878.00,30121.00,431.90,432.17,7.00,7.00,0.00,3.00,3.40
1896.00,30146.00,431.87,432.02,6.00,6.00,0.00,3.00,3.40
1694.00,27810.00,431.81,432.11,6.00,7.00,0.00,3.00,3.40
1868.00,30143.00,431.92,432.03,7.00,7.00,0.00,3.00,3.40
1885.00,30135.00,431.76,432.04,6.00,7.00,0.00,3.00,3.40
1886.00,30127.00,431.72,432.16,7.00,7.00,0.00,3.00,3.40
1911.00,30126.00,431.90,432.05,6.00,6.00,0.00,3.00,3.40
1872.00,30106.00,431.73,432.03,7.00,7.00,0.00,3.00,3.40
1898.00,30120.00,431.88,432.03,6.00,7.00,0.00,3.00,3.40
1737.00,27780.00,431.74,432.01,6.00,7.00,0.00,3.00,3.40
1872.00,30140.00,431.76,432.15,7.00,7.00,0.00,3.00,3.40
1880.00,30131.00,431.78,432.08,6.00,7.00,0.00,3.00,3.40
1888.00,30100.00,431.89,432.14,7.00,7.00,0.00,3.00,3.40
1873.00,30104.00,431.85,432.12,6.00,6.00,0.00,3.00,3.40
1877.00,30101.00,431.81,432.10,7.00,7.00,0.00,3.00,3.40
1734.00,27812.00,431.87,432.14,6.00,7.00,0.00,3.00,3.40
1886.00,30136.00,431.69,432.02,7.00,7.00,0.00,3.00,3.40
1866.00,30107.00,431.78,432.11,6.00,7.00,0.00,3.00,3.40
2030.00,32435.00,431.86,432.10,7.00,7.00,0.00,3.00,3.40
1733.00,27805.00,431.90,432.13,6.00,7.00,0.00,3.00,3.40
1879.00,30132.00,431.88,432.14,7.00,7.00,0.00,3.00,3.40
1879.00,30129.00,431.89,432.14,6.00,7.00,0.00,3.00,3.40
1884.00,30129.00,431.76,432.16,6.00,7.00,0.00,3.00,3.40
1838.00,30124.00,431.89,432.13,7.00,7.00,0.00,3.00,3.40
1752.00,27787.00,431.69,432.00,6.00,7.00,0.00,3.00,3.40
1881.00,30113.00,431.83,431.98,6.00,7.00,0.00,3.00,3.40
1878.00,30144.00,431.84,432.17,7.00,7.00,0.00,3.00,3.40
1877.00,30127.00,431.84,432.13,6.00,7.00,0.00,3.00,3.40
1759.00,27817.00,431.88,432.09,7.00,7.00,0.00,3.00,3.40
1875.00,30120.00,431.82,432.13,6.00,7.00,0.00,3.00,3.40
1881.00,30094.00,431.77,432.09,6.00,7.00,0.00,3.00,3.40
1875.00,30119.00,431.82,432.16,7.00,7.00,0.00,3.00,3.40
1873.00,30129.00,431.89,432.11,7.00,7.00,0.00,3.00,3.40
1896.00,30128.00,431.96,432.11,6.00,7.00,0.00,3.00,3.40
1888.00,30128.00,431.90,432.14,7.00,7.00,0.00,3.00,3.40
1879.00,30131.00,431.76,432.10,6.00,7.00,0.00,3.00,3.40
1887.00,30129.00,431.78,432.08,6.00,7.00,0.00,3.00,3.40
1870.00,30131.00,431.81,432.12,7.00,7.00,0.00,3.00,3.40
1912.00,30112.00,431.99,432.13,6.00,7.00,0.00,3.00,3.40
1749.00,27806.00,431.78,432.13,7.00,7.00,0.00,3.00,3.40
1838.00,30114.00,431.84,432.15,6.00,7.00,0.00,3.00,3.40
1905.00,30110.00,431.90,432.09,7.00,7.00,0.00,3.00,3.40
