1277.00,1454.00,431.91,432.26,7.00,7.00,0.00,0.60,0.80
1806.00,1992.00,431.83,431.89,6.00,6.00,0.00,0.60,0.80
1900.00,2009.00,432.11,432.19,6.00,6.00,0.00,0.60,0.80
1748.00,1810.00,432.00,432.04,7.00,7.00,0.00,0.60,0.80
1865.00,1943.00,431.65,431.81,6.00,6.00,0.00,0.60,0.80
1825.00,1895.00,431.78,431.88,7.00,7.00,0.00,0.60,0.80
1884.00,1923.00,431.62,432.13,6.00,6.00,0.00,0.60,0.80
1738.00,1784.00,431.61,432.04,6.00,6.00,0.00,0.60,0.80
2012.00,2040.00,431.91,431.92,7.00,7.00,0.00,0.60,0.80
1830.00,1925.00,431.69,431.75,7.00,7.00,0.00,0.60,0.80
1929.00,1947.00,431.85,431.95,6.00,6.00,0.00,0.60,0.80
2145.00,2168.00,431.70,431.73,7.00,7.00,0.00,0.60,0.80
1957.00,2018.00,432.05,432.11,7.00,7.00,0.00,0.60,0.80
1876.00,1937.00,432.04,432.11,6.00,7.00,0.00,0.60,0.80
2038.00,2048.00,431.69,431.80,7.00,7.00,0.00,0.60,0.80
1855.00,1866.00,431.94,432.09,7.00,7.00,0.00,0.60,0.80
1967.00,1977.00,431.99,432.13,7.00,7.00,0.00,0.60,0.80
1836.00,1995.00,431.92,432.08,6.00,6.00,0.00,0.60,0.80
1990.00,2134.00,431.81,432.05,7.00,7.00,0.00,0.60,0.80
1883.00,1980.00,431.82,431.91,7.00,7.00,0.00,0.60,0.80
1995.00,2000.00,432.00,432.08,6.00,6.00,0.00,0.60,0.80
1897.00,1901.00,431.88,432.17,7.00,7.00,0.00,0.60,0.80
1747.00,1822.00,431.92,431.94,6.00,6.00,0.00,0.60,0.80
1938.00,1949.00,431.89,432.02,6.00,6.00,0.00,0.60,0.80
1889.00,1988.00,431.86,431.97,7.00,7.00,0.00,0.60,0.80
1768.00,1778.00,431.95,432.13,6.00,6.00,0.00,0.60,0.80
1895.00,1956.00,432.00,432.12,6.00,6.00,0.00,0.60,0.80
1939.00,1951.00,431.67,431.82,7.00,7.00,0.00,0.60,0.80
1886.00,1907.00,431.60,431.93,6.00,6.00,0.00,0.60,0.80
1949.00,1952.00,431.86,432.02,7.00,7.00,0.00,0.60,0.80
1830.00,1880.00,431.89,431.91,6.00,6.00,0.00,0.60,0.80
1948.00,1962.00,431.72,431.72,7.00,7.00,0.00,0.60,0.80
1921.00,1924.00,431.91,432.07,6.00,6.00,0.00,0.60,0.80
1897.00,1939.00,431.68,431.73,7.00,7.00,0.00,0.60,0.80
1890.00,1952.00,431.75,431.86,6.00,6.00,0.00,0.60,0.80
1914.00,1959.00,431.68,431.85,7.00,7.00,0.00,0.60,0.80
1947.00,1975.00,431.95,431.95,6.00,6.00,0.00,0.60,0.80
1755.00,1826.00,431.59,431.91,7.00,7.00,0.00,0.60,0.80
1903.00,1962.00,431.95,431.97,6.00,6.00,0.00,0.60,0.80
1878.00,1953.00,431.77,431.84,7.00,7.00,0.00,0.60,0.80
1933.00,1996.00,431.96,431.97,6.00,6.00,0.00,0.60,0.80
1903.00,1962.00,431.95,432.01,6.00,6.00,0.00,0.60,0.80
1899.00,1963.00,431.81,431.99,7.00,7.00,0.00,0.60,0.80
1833.00,1959.00,431.85,432.08,6.00,6.00,0.00,0.60,0.80
1920.00,1995.00,431.89,432.08,7.00,7.00,0.00,0.60,0.80
2040.00,2106.00,431.62,431.86,7.00,7.00,0.00,0.60,0.80
1841.00,1946.00,431.79,431.83,7.00,7.00,0.00,0.60,0.80
1943.00,1943.00,431.81,432.06,6.00,6.00,0.00,0.60,0.80
2070.00,2141.00,431.64,431.88,7.00,7.00,0.00,0.60,0.80
1944.00,1987.00,431.93,432.10,6.00,6.00,0.00,0.60,0.80
2071.00,2160.00,431.94,431.94,7.00,7.00,0.00,0.60,0.80
1982.00,2077.00,431.87,431.89,7.00,7.00,0.00,0.60,0.80
1865.00,1895.00,431.64,431.66,7.00,7.00,0.00,0.60,0.80
2067.00,2110.00,431.75,431.92,6.00,6.00,0.00,0.60,0.80
1903.00,1919.00,431.95,432.00,7.00,7.00,0.00,0.60,0.80
1973.00,1982.00,431.89,432.13,6.00,6.00,0.00,0.60,0.80
1825.00,2007.00,431.78,431.99,7.00,7.00,0.00,0.60,0.80
1880.00,2007.00,431.91,431.99,6.00,6.00,0.00,0.60,0.80
1892.00,1975.00,431.90,431.93,7.00,7.00,0.00,0.60,0.80
1881.00,1897.00,431.73,431.92,6.00,6.00,0.00,0.60,0.80
1888.00,1921.00,431.67,432.07,7.00,7.00,0.00,0.60,0.80
1840.00,1942.00,431.52,431.57,7.00,7.00,0.00,0.60,0.80
1939.00,1978.00,431.70,431.75,6.00,6.00,0.00,0.60,0.80
1825.00,1920.00,431.78,432.00,6.00,7.00,0.00,0.60,0.80
1899.00,1935.00,431.81,432.04,7.00,7.00,0.00,0.60,0.80
1887.00,1900.00,431.83,431.90,6.00,6.00,0.00,0.60,0.80
1918.00,1956.00,431.72,432.00,7.00,7.00,0.00,0.60,0.80
1882.00,1916.00,431.87,431.99,7.00,7.00,0.00,0.60,0.80
1889.00,1906.00,431.79,431.97,6.00,7.00,0.00,0.60,0.80
1899.00,1997.00,431.65,431.81,7.00,7.00,0.00,0.60,0.80
1918.00,1972.00,431.81,432.05,6.00,6.00,0.00,0.60,0.80
1883.00,1928.00,431.65,431.76,7.00,7.00,0.00,0.60,0.80
2035.00,2039.00,431.97,432.07,6.00,6.00,0.00,0.60,0.80
1928.00,2052.00,431.77,432.05,7.00,7.00,0.00,0.60,0.80
1896.00,1945.00,431.96,432.13,6.00,6.00,0.00,0.60,0.80
1739.00,1759.00,431.71,431.86,7.00,7.00,0.00,0.60,0.80
2036.00,2105.00,431.75,431.83,6.00,6.00,0.00,0.60,0.80
1759.00,1786.00,431.78,432.06,7.00,7.00,0.00,0.60,0.80
1878.00,1885.00,431.84,431.93,6.00,6.00,0.00,0.60,0.80
2030.00,2116.00,432.01,432.02,7.00,7.00,0.00,0.60,0.80
1864.00,1991.00,431.87,431.94,7.00,7.00,0.00,0.60,0.80
2025.00,2042.00,431.60,431.93,6.00,6.00,0.00,0.60,0.80
1767.00,1781.00,431.78,431.81,7.00,7.00,0.00,0.60,0.80
1914.00,1935.00,431.72,432.08,6.00,6.00,0.00,0.60,0.80
1982.00,2025.00,431.60,431.89,7.00,7.00,0.00,0.60,0.80
2130.00,2156.00,431.82,431.92,6.00,7.00,0.00,0.60,0.80
1884.00,1944.00,431.58,431.93,7.00,7.00,0.00,0.60,0.80
1928.00,1941.00,431.74,432.04,7.00,7.00,0.00,0.60,0.80
1773.00,1787.00,432.01,432.04,6.00,6.00,0.00,0.60,0.80
2056.00,2125.00,431.91,432.00,6.00,6.00,0.00,0.60,0.80
1737.00,1739.00,431.78,431.86,7.00,7.00,0.00,0.60,0.80
1890.00,1904.00,431.72,431.75,6.00,6.00,0.00,0.60,0.80
1910.00,1936.00,431.94,431.99,7.00,7.00,0.00,0.60,0.80
1907.00,1958.00,432.07,432.09,6.00,6.00,0.00,0.60,0.80
2043.00,2060.00,431.72,431.75,7.00,7.00,0.00,0.60,0.80
1730.00,1748.00,431.92,432.11,6.00,7.00,0.00,0.60,0.80
1936.00,1952.00,431.84,431.86,7.00,7.00,0.00,0.60,0.80
1931.00,1932.00,431.71,431.90,6.00,6.00,0.00,0.60,0.80
1884.00,1885.00,431.83,431.83,7.00,7.00,0.00,0.60,0.80
1922.00,1948.00,431.72,431.84,6.00,7.00,0.00,0.60,0.80
1891.00,1936.00,431.82,432.05,7.00,7.00,0.00,0.60,0.80
1919.00,1985.00,432.00,432.09,7.00,7.00,0.00,0.60,0.80
2023.00,2036.00,431.73,432.03,6.00,6.00,0.00,0.60,0.80
1930.00,1968.00,431.91,431.91,7.00,7.00,0.00,0.60,0.80
1911.00,1935.00,432.00,432.04,6.00,6.00,0.00,0.60,0.80
1898.00,1916.00,431.89,432.03,7.00,7.00,0.00,0.60,0.80
1868.00,1984.00,431.96,432.01,6.00,6.00,0.00,0.60,0.80
1914.00,1923.00,431.92,432.08,7.00,7.00,0.00,0.60,0.80
1819.00,1894.00,431.89,432.00,6.00,6.00,0.00,0.60,0.80
1718.00,1768.00,431.78,431.90,7.00,7.00,0.00,0.60,0.80
1998.00,2011.00,431.93,432.12,6.00,6.00,0.00,0.60,0.80
1774.00,1805.00,432.13,432.13,7.00,7.00,0.00,0.60,0.80
1931.00,1935.00,431.99,432.04,6.00,7.00,0.00,0.60,0.80
1873.00,2010.00,431.84,431.93,7.00,7.00,0.00,0.60,0.80
1925.00,1944.00,431.69,431.84,6.00,6.00,0.00,0.60,0.80
1930.00,2040.00,431.86,431.89,7.00,7.00,0.00,0.60,0.80
1853.00,1912.00,431.82,432.01,6.00,6.00,0.00,0.60,0.80
1943.00,1997.00,431.81,432.02,7.00,7.00,0.00,0.60,0.80
1871.00,1878.00,431.84,431.85,6.00,6.00,0.00,0.60,0.80
1876.00,1918.00,431.70,431.77,7.00,7.00,0.00,0.60,0.80
1940.00,2016.00,431.96,432.04,6.00,7.00,0.00,0.60,0.80
1904.00,1935.00,431.95,432.04,7.00,7.00,0.00,0.60,0.80
1892.00,1940.00,431.82,431.96,6.00,6.00,0.00,0.60,0.80
1882.00,1890.00,431.78,431.99,7.00,7.00,0.00,0.60,0.80
2114.00,2157.00,431.90,432.08,6.00,6.00,0.00,0.60,0.80
1765.00,1766.00,431.73,431.84,7.00,7.00,0.00,0.60,0.80
1894.00,1944.00,432.03,432.10,6.00,6.00,0.00,0.60,0.80
1890.00,1908.00,431.83,431.87,7.00,7.00,0.00,0.60,0.80
2054.00,2069.00,431.93,432.09,6.00,6.00,0.00,0.60,0.80
1886.00,2031.00,431.89,432.13,7.00,7.00,0.00,0.60,0.80
1886.00,2006.00,432.06,432.13,6.00,6.00,0.00,0.60,0.80
1899.00,1924.00,431.81,431.91,7.00,7.00,0.00,0.60,0.80
1943.00,2044.00,431.97,432.00,6.00,6.00,0.00,0.60,0.80
1821.00,1909.00,431.64,432.13,7.00,7.00,0.00,0.60,0.80
1949.00,1999.00,431.83,432.02,6.00,6.00,0.00,0.60,0.80
1960.00,2066.00,431.75,432.14,7.00,7.00,0.00,0.60,0.80
1923.00,2028.00,431.95,432.14,7.00,7.00,0.00,0.60,0.80
1914.00,1940.00,431.96,431.97,6.00,6.00,0.00,0.60,0.80
1921.00,2018.00,431.62,431.94,7.00,7.00,0.00,0.60,0.80
2026.00,2095.00,431.98,432.07,6.00,6.00,0.00,0.60,0.80
2145.00,2199.00,431.71,432.01,7.00,7.00,0.00,0.60,0.80
1941.00,1981.00,431.67,431.74,7.00,7.00,0.00,0.60,0.80
1947.00,1998.00,431.93,431.95,7.00,7.00,0.00,0.60,0.80
1894.00,1911.00,431.83,431.89,6.00,6.00,0.00,0.60,0.80
1923.00,1933.00,431.70,431.97,7.00,7.00,0.00,0.60,0.80
1952.00,1977.00,431.86,431.97,6.00,6.00,0.00,0.60,0.80
1906.00,1964.00,431.77,431.79,7.00,7.00,0.00,0.60,0.80
2038.00,2130.00,431.85,431.92,6.00,6.00,0.00,0.60,0.80
1896.00,1957.00,431.88,431.96,7.00,7.00,0.00,0.60,0.80
1905.00,1957.00,431.88,432.02,7.00,7.00,0.00,0.60,0.80
1915.00,2024.00,431.85,432.03,6.00,6.00,0.00,0.60,0.80
1922.00,1963.00,431.84,431.99,7.00,7.00,0.00,0.60,0.80
1873.00,1885.00,431.83,431.93,6.00,6.00,0.00,0.60,0.80
2025.00,2027.00,431.72,432.10,7.00,7.00,0.00,0.60,0.80
1932.00,2034.00,431.68,431.82,6.00,6.00,0.00,0.60,0.80
1883.00,1944.00,431.76,431.88,7.00,7.00,0.00,0.60,0.80
1897.00,2000.00,431.98,432.00,7.00,7.00,0.00,0.60,0.80
1944.00,1952.00,431.89,432.10,6.00,6.00,0.00,0.60,0.80
1902.00,1917.00,431.66,431.92,7.00,7.00,0.00,0.60,0.80
2050.00,2061.00,431.71,431.83,6.00,6.00,0.00,0.60,0.80
1991.00,1998.00,431.93,431.94,7.00,7.00,0.00,0.60,0.80
1876.00,1924.00,431.77,431.91,7.00,7.00,0.00,0.60,0.80
1910.00,1925.00,431.82,431.94,6.00,6.00,0.00,0.60,0.80
1937.00,1971.00,431.87,432.11,7.00,7.00,0.00,0.60,0.80
1983.00,2058.00,431.83,431.97,6.00,6.00,0.00,0.60,0.80
1945.00,1974.00,431.88,432.12,7.00,7.00,0.00,0.60,0.80
1885.00,1930.00,431.83,431.91,7.00,7.00,0.00,0.60,0.80
1886.00,1978.00,431.75,431.94,6.00,6.00,0.00,0.60,0.80
2042.00,2097.00,431.93,432.05,7.00,7.00,0.00,0.60,0.80
1936.00,1941.00,431.82,431.94,7.00,7.00,0.00,0.60,0.80
1922.00,1974.00,431.84,432.12,6.00,6.00,0.00,0.60,0.80
1935.00,2015.00,431.76,432.04,7.00,7.00,0.00,0.60,0.80
1886.00,1908.00,431.60,431.87,6.00,6.00,0.00,0.60,0.80
1950.00,1953.00,431.82,432.16,7.00,7.00,0.00,0.60,0.80
2112.00,2140.00,431.82,431.82,6.00,6.00,0.00,0.60,0.80
1947.00,1979.00,431.98,432.04,7.00,7.00,0.00,0.60,0.80
1928.00,1952.00,431.86,432.05,7.00,7.00,0.00,0.60,0.80
1834.00,2029.00,431.84,431.86,6.00,6.00,0.00,0.60,0.80
1953.00,1960.00,431.64,432.04,7.00,7.00,0.00,0.60,0.80
1965.00,2004.00,431.77,432.06,6.00,6.00,0.00,0.60,0.80
1921.00,1936.00,431.90,432.07,7.00,7.00,0.00,0.60,0.80
1831.00,1863.00,431.78,432.00,6.00,7.00,0.00,0.60,0.80
2009.00,2062.00,431.75,432.06,7.00,7.00,0.00,0.60,0.80
1946.00,1974.00,431.61,431.65,7.00,7.00,0.00,0.60,0.80
1938.00,1973.00,431.89,431.98,7.00,7.00,0.00,0.60,0.80
2070.00,2104.00,431.88,431.96,6.00,7.00,0.00,0.60,0.80
1957.00,2014.00,431.85,431.98,7.00,7.00,0.00,0.60,0.80
1899.00,1928.00,431.81,432.17,6.00,6.00,0.00,0.60,0.80
1913.00,1968.00,431.78,431.91,7.00,7.00,0.00,0.60,0.80
1901.00,1939.00,431.88,431.95,7.00,7.00,0.00,0.60,0.80
2042.00,2091.00,431.93,432.04,6.00,6.00,0.00,0.60,0.80
1934.00,1979.00,432.00,432.04,7.00,7.00,0.00,0.60,0.80
1916.00,1945.00,431.88,432.15,6.00,6.00,0.00,0.60,0.80
1903.00,1925.00,431.71,431.95,7.00,7.00,0.00,0.60,0.80
1890.00,1942.00,431.75,432.03,6.00,6.00,0.00,0.60,0.80
1897.00,1956.00,431.73,432.00,7.00,7.00,0.00,0.60,0.80
2058.00,2064.00,431.81,431.97,7.00,7.00,0.00,0.60,0.80
1883.00,1910.00,431.78,431.94,6.00,6.00,0.00,0.60,0.80
1882.00,1918.00,431.70,431.99,7.00,7.00,0.00,0.60,0.80
1903.00,1942.00,431.95,432.03,6.00,6.00,0.00,0.60,0.80
1920.00,1925.00,431.77,431.92,7.00,7.00,0.00,0.60,0.80
1938.00,1965.00,431.89,432.06,6.00,6.00,0.00,0.60,0.80
1898.00,1944.00,431.58,431.60,7.00,7.00,0.00,0.60,0.80
1889.00,1943.00,431.81,431.97,7.00,7.00,0.00,0.60,0.80
2016.00,2056.00,431.91,432.04,6.00,6.00,0.00,0.60,0.80
1818.00,2040.00,431.86,431.96,7.00,7.00,0.00,0.60,0.80
1865.00,1949.00,432.02,432.17,6.00,6.00,0.00,0.60,0.80
1875.00,1892.00,431.82,432.00,7.00,7.00,0.00,0.60,0.80
1944.00,1945.00,431.65,431.88,6.00,6.00,0.00,0.60,0.80
1911.00,1992.00,431.71,431.73,7.00,7.00,0.00,0.60,0.80
1884.00,1963.00,431.99,432.06,7.00,7.00,0.00,0.60,0.80
1889.00,1910.00,431.94,431.97,6.00,6.00,0.00,0.60,0.80
1906.00,2034.00,431.79,432.08,7.00,7.00,0.00,0.60,0.80
1913.00,1952.00,431.86,431.88,6.00,6.00,0.00,0.60,0.80
2102.00,2156.00,431.82,431.97,7.00,7.00,0.00,0.60,0.80
1912.00,1917.00,431.94,432.01,6.00,6.00,0.00,0.60,0.80
1919.00,1985.00,431.74,432.00,7.00,7.00,0.00,0.60,0.80
1920.00,1940.00,431.83,431.96,7.00,7.00,0.00,0.60,0.80
1938.00,1957.00,431.78,431.89,6.00,6.00,0.00,0.60,0.80
2022.00,2066.00,431.75,431.97,7.00,7.00,0.00,0.60,0.80
1929.00,1968.00,431.83,431.91,6.00,6.00,0.00,0.60,0.80
1909.00,1996.00,431.86,431.88,7.00,7.00,0.00,0.60,0.80
1900.00,1921.00,431.69,432.11,6.00,6.00,0.00,0.60,0.80
1892.00,1909.00,431.83,432.16,7.00,7.00,0.00,0.60,0.80
1887.00,1903.00,431.95,432.00,7.00,7.00,0.00,0.60,0.80
1993.00,2114.00,431.99,432.01,6.00,6.00,0.00,0.60,0.80
1883.00,1921.00,431.76,431.83,7.00,7.00,0.00,0.60,0.80
1813.00,1839.00,431.76,431.88,7.00,7.00,0.00,0.60,0.80
1891.00,1942.00,432.03,432.05,6.00,6.00,0.00,0.60,0.80
1888.00,1944.00,431.62,431.67,7.00,7.00,0.00,0.60,0.80
1882.00,1979.00,431.99,432.04,6.00,6.00,0.00,0.60,0.80
1928.00,1938.00,431.89,432.05,7.00,7.00,0.00,0.60,0.80
1896.00,1942.00,431.96,432.03,6.00,6.00,0.00,0.60,0.80
1906.00,1928.00,432.03,432.05,7.00,7.00,0.00,0.60,0.80
1890.00,1972.00,431.75,432.05,6.00,6.00,0.00,0.60,0.80
1880.00,1919.00,431.91,432.00,7.00,7.00,0.00,0.60,0.80
2066.00,2151.00,431.89,431.90,6.00,6.00,0.00,0.60,0.80
1867.00,1914.00,432.08,432.11,7.00,7.00,0.00,0.60,0.80
1870.00,2091.00,432.01,432.09,7.00,7.00,0.00,0.60,0.80
1890.00,1961.00,431.92,431.97,6.00,6.00,0.00,0.60,0.80
1906.00,1997.00,431.79,431.88,7.00,7.00,0.00,0.60,0.80
1961.00,2022.00,431.81,431.92,6.00,6.00,0.00,0.60,0.80
1937.00,1958.00,431.76,432.11,7.00,7.00,0.00,0.60,0.80
1887.00,1919.00,431.90,432.00,6.00,6.00,0.00,0.60,0.80
1895.00,1952.00,431.66,431.86,7.00,7.00,0.00,0.60,0.80
1923.00,1973.00,432.07,432.14,6.00,6.00,0.00,0.60,0.80
1932.00,1967.00,431.79,432.13,7.00,7.00,0.00,0.60,0.80
1883.00,1941.00,431.74,431.76,6.00,6.00,0.00,0.60,0.80
1738.00,1791.00,431.70,432.16,6.00,6.00,0.00,0.60,0.80
1908.00,2010.00,431.84,431.87,7.00,7.00,0.00,0.60,0.80
1932.00,1965.00,431.68,432.06,6.00,6.00,0.00,0.60,0.80
1972.00,1972.00,431.92,432.05,7.00,7.00,0.00,0.60,0.80
1864.00,1900.00,431.87,432.11,6.00,6.00,0.00,0.60,0.80
1794.00,1817.00,432.00,432.03,6.00,6.00,0.00,0.60,0.80
1929.00,1964.00,431.78,431.83,7.00,7.00,0.00,0.60,0.80
1850.00,1854.00,431.89,432.04,6.00,6.00,0.00,0.60,0.80
1896.00,1954.00,431.93,431.96,7.00,7.00,0.00,0.60,0.80
1779.00,1801.00,431.72,431.98,6.00,6.00,0.00,0.60,0.80
1905.00,2044.00,431.97,432.00,6.00,6.00,0.00,0.60,0.80
1914.00,1923.00,431.93,432.14,7.00,7.00,0.00,0.60,0.80
1898.00,1899.00,431.57,431.81,6.00,6.00,0.00,0.60,0.80
1734.00,1839.00,431.92,431.95,6.00,6.00,0.00,0.60,0.80
1896.00,1982.00,431.89,431.96,7.00,7.00,0.00,0.60,0.80
1861.00,2013.00,431.69,432.03,6.00,6.00,0.00,0.60,0.80
1843.00,1970.00,431.98,432.12,7.00,7.00,0.00,0.60,0.80
1947.00,1970.00,431.95,431.98,6.00,6.00,0.00,0.60,0.80
1888.00,1912.00,431.67,432.01,7.00,7.00,0.00,0.60,0.80
1741.00,1747.00,431.60,431.94,6.00,6.00,0.00,0.60,0.80
1875.00,1883.00,431.94,432.00,6.00,6.00,0.00,0.60,0.80
1899.00,1995.00,431.76,431.81,7.00,7.00,0.00,0.60,0.80
1861.00,1889.00,431.97,432.03,6.00,6.00,0.00,0.60,0.80
1952.00,1970.00,431.86,431.98,7.00,7.00,0.00,0.60,0.80
1909.00,1938.00,431.89,432.16,6.00,6.00,0.00,0.60,0.80
1915.00,1917.00,431.88,431.92,7.00,7.00,0.00,0.60,0.80
1915.00,1933.00,431.85,431.97,6.00,6.00,0.00,0.60,0.80
1923.00,1990.00,431.66,431.81,7.00,7.00,0.00,0.60,0.80
1910.00,1996.00,431.89,431.94,6.00,6.00,0.00,0.60,0.80
1762.00,1823.00,431.71,431.90,7.00,7.00,0.00,0.60,0.80
1923.00,1987.00,431.93,432.14,6.00,6.00,0.00,0.60,0.80
1897.00,1936.00,431.73,431.82,6.00,6.00,0.00,0.60,0.80
1963.00,2059.00,431.90,431.99,7.00,7.00,0.00,0.60,0.80
1886.00,1916.00,432.13,432.15,6.00,6.00,0.00,0.60,0.80
1857.00,1911.00,431.71,431.88,7.00,7.00,0.00,0.60,0.80
1908.00,1925.00,431.87,432.07,6.00,6.00,0.00,0.60,0.80
1908.00,1943.00,431.81,431.87,7.00,7.00,0.00,0.60,0.80
1827.00,1977.00,431.86,431.97,6.00,6.00,0.00,0.60,0.80
1907.00,1934.00,431.73,431.75,7.00,7.00,0.00,0.60,0.80
1719.00,1765.00,431.73,432.08,6.00,6.00,0.00,0.60,0.80
1952.00,1964.00,431.77,431.86,7.00,7.00,0.00,0.60,0.80
1935.00,1971.00,431.73,431.76,6.00,6.00,0.00,0.60,0.80
1960.00,2023.00,431.63,431.67,6.00,6.00,0.00,0.60,0.80
2004.00,2021.00,431.96,432.14,7.00,7.00,0.00,0.60,0.80
1779.00,1807.00,431.70,431.99,6.00,6.00,0.00,0.60,0.80
1874.00,1975.00,431.90,431.93,7.00,7.00,0.00,0.60,0.80
1967.00,1991.00,432.07,432.13,6.00,7.00,0.00,0.60,0.80
1962.00,1975.00,431.90,431.95,6.00,6.00,0.00,0.60,0.80
1912.00,1961.00,431.97,432.01,7.00,7.00,0.00,0.60,0.80
1767.00,1855.00,431.81,431.81,6.00,6.00,0.00,0.60,0.80
1877.00,1891.00,432.05,432.07,7.00,7.00,0.00,0.60,0.80
1926.00,1960.00,432.13,432.14,6.00,6.00,0.00,0.60,0.80
1851.00,1913.00,431.78,432.07,7.00,7.00,0.00,0.60,0.80
1953.00,1971.00,431.76,432.02,6.00,7.00,0.00,0.60,0.80
1894.00,1909.00,431.69,431.89,6.00,7.00,0.00,0.60,0.80
1939.00,1952.00,431.71,431.86,7.00,7.00,0.00,0.60,0.80
1917.00,2019.00,431.90,431.92,6.00,6.00,0.00,0.60,0.80
1752.00,1766.00,431.92,432.05,7.00,7.00,0.00,0.60,0.80
1904.00,2045.00,431.72,431.78,6.00,6.00,0.00,0.60,0.80
1859.00,1907.00,431.65,431.95,7.00,7.00,0.00,0.60,0.80
1948.00,2030.00,431.89,432.02,6.00,6.00,0.00,0.60,0.80
1946.00,1950.00,431.79,431.95,7.00,7.00,0.00,0.60,0.80
1936.00,1940.00,431.96,431.97,6.00,6.00,0.00,0.60,0.80
1972.00,2016.00,431.95,432.04,6.00,6.00,0.00,0.60,0.80
1755.00,1805.00,431.91,432.13,7.00,7.00,0.00,0.60,0.80
1949.00,1985.00,431.74,432.02,6.00,6.00,0.00,0.60,0.80
1827.00,1903.00,431.95,432.03,6.00,6.00,0.00,0.60,0.80
1855.00,1941.00,431.81,431.92,7.00,7.00,0.00,0.60,0.80
1768.00,1800.00,431.67,431.84,6.00,6.00,0.00,0.60,0.80
1878.00,1919.00,432.00,432.13,7.00,7.00,0.00,0.60,0.80
1938.00,2019.00,431.89,431.90,6.00,6.00,0.00,0.60,0.80
1911.00,1933.00,431.71,431.97,7.00,7.00,0.00,0.60,0.80
1884.00,2063.00,431.90,432.06,6.00,6.00,0.00,0.60,0.80
1746.00,1784.00,431.61,431.84,6.00,6.00,0.00,0.60,0.80
1896.00,1926.00,431.97,431.98,7.00,7.00,0.00,0.60,0.80
1956.00,2045.00,431.78,432.00,6.00,6.00,0.00,0.60,0.80
1966.00,1975.00,431.90,431.95,6.00,6.00,0.00,0.60,0.80
1779.00,1799.00,431.88,431.91,7.00,7.00,0.00,0.60,0.80
1888.00,2023.00,431.76,432.03,6.00,6.00,0.00,0.60,0.80
1940.00,2035.00,431.94,431.96,7.00,7.00,0.00,0.60,0.80
1943.00,1999.00,431.81,431.89,6.00,6.00,0.00,0.60,0.80
1946.00,1976.00,431.68,432.17,6.00,7.00,0.00,0.60,0.80
1789.00,1833.00,431.53,431.75,7.00,7.00,0.00,0.60,0.80
1892.00,1970.00,431.82,431.98,6.00,6.00,0.00,0.60,0.80
1903.00,1960.00,431.77,431.95,7.00,7.00,0.00,0.60,0.80
1901.00,1903.00,431.93,431.95,6.00,6.00,0.00,0.60,0.80
1900.00,1907.00,431.73,432.09,7.00,7.00,0.00,0.60,0.80
1785.00,1790.00,431.84,431.93,6.00,6.00,0.00,0.60,0.80
1904.00,1995.00,431.95,432.08,6.00,6.00,0.00,0.60,0.80
1920.00,1977.00,431.94,431.97,7.00,7.00,0.00,0.60,0.80
1872.00,1991.00,431.67,431.94,6.00,6.00,0.00,0.60,0.80
1955.00,2000.00,432.00,432.07,7.00,7.00,0.00,0.60,0.80
1923.00,1992.00,431.73,431.87,6.00,6.00,0.00,0.60,0.80
1901.00,1925.00,431.83,431.88,7.00,7.00,0.00,0.60,0.80
1915.00,1941.00,431.85,431.95,6.00,6.00,0.00,0.60,0.80
1894.00,1998.00,431.93,431.99,7.00,7.00,0.00,0.60,0.80
1985.00,2002.00,431.98,432.07,6.00,6.00,0.00,0.60,0.80
1958.00,1963.00,431.99,432.07,7.00,7.00,0.00,0.60,0.80
1984.00,2063.00,431.90,431.96,6.00,6.00,0.00,0.60,0.80
1922.00,1936.00,431.84,431.84,7.00,7.00,0.00,0.60,0.80
1741.00,1837.00,431.68,431.94,6.00,6.00,0.00,0.60,0.80
1975.00,1983.00,431.87,431.90,6.00,6.00,0.00,0.60,0.80
1926.00,1960.00,431.79,431.98,7.00,7.00,0.00,0.60,0.80
1891.00,1957.00,432.00,432.05,6.00,6.00,0.00,0.60,0.80
1927.00,1929.00,431.76,431.83,7.00,7.00,0.00,0.60,0.80
1939.00,1969.00,431.69,431.90,6.00,6.00,0.00,0.60,0.80
1779.00,1784.00,431.70,431.70,6.00,6.00,0.00,0.60,0.80
1932.00,1962.00,431.70,431.70,7.00,7.00,0.00,0.60,0.80
1926.00,1942.00,431.82,431.98,6.00,6.00,0.00,0.60,0.80
1927.00,1942.00,431.76,432.03,7.00,7.00,0.00,0.60,0.80
1783.00,1813.00,431.88,432.08,6.00,6.00,0.00,0.60,0.80
1996.00,2022.00,431.86,431.98,6.00,6.00,0.00,0.60,0.80
1908.00,1923.00,431.87,432.01,7.00,7.00,0.00,0.60,0.80
1892.00,1897.00,431.73,431.82,6.00,7.00,0.00,0.60,0.80
1878.00,1915.00,431.84,431.85,7.00,7.00,0.00,0.60,0.80
1931.00,1939.00,431.72,431.90,6.00,6.00,0.00,0.60,0.80
1974.00,2003.00,431.85,431.96,7.00,7.00,0.00,0.60,0.80
1833.00,1835.00,431.61,431.79,6.00,6.00,0.00,0.60,0.80
1929.00,1973.00,431.83,431.98,7.00,7.00,0.00,0.60,0.80
2100.00,2131.00,431.77,431.90,6.00,6.00,0.00,0.60,0.80
1813.00,1827.00,431.86,431.88,7.00,7.00,0.00,0.60,0.80
1867.00,1876.00,431.77,431.77,6.00,6.00,0.00,0.60,0.80
1955.00,1956.00,431.75,432.00,7.00,7.00,0.00,0.60,0.80
1944.00,1966.00,431.84,432.10,6.00,6.00,0.00,0.60,0.80
1913.00,1930.00,431.67,431.78,6.00,6.00,0.00,0.60,0.80
1883.00,1911.00,431.76,432.01,7.00,7.00,0.00,0.60,0.80
1875.00,1970.00,431.98,432.00,6.00,6.00,0.00,0.60,0.80
1758.00,1771.00,431.74,431.96,7.00,7.00,0.00,0.60,0.80
1937.00,1968.00,431.91,432.11,6.00,6.00,0.00,0.60,0.80
1950.00,1957.00,431.79,432.06,6.00,6.00,0.00,0.60,0.80
1877.00,1940.00,431.86,431.96,7.00,7.00,0.00,0.60,0.80
1876.00,1930.00,431.77,431.77,6.00,6.00,0.00,0.60,0.80
1750.00,1785.00,431.93,432.00,7.00,7.00,0.00,0.60,0.80
1931.00,1931.00,431.90,431.90,6.00,6.00,0.00,0.60,0.80
1905.00,1938.00,431.89,432.02,7.00,7.00,0.00,0.60,0.80
1898.00,1969.00,431.94,432.03,6.00,6.00,0.00,0.60,0.80
1912.00,1937.00,431.60,431.96,6.00,6.00,0.00,0.60,0.80
1961.00,2013.00,431.69,431.92,7.00,7.00,0.00,0.60,0.80
1762.00,1765.00,431.75,431.90,6.00,6.00,0.00,0.60,0.80
1897.00,1914.00,431.73,432.13,7.00,7.00,0.00,0.60,0.80
1933.00,1982.00,431.97,432.00,6.00,6.00,0.00,0.60,0.80
1880.00,1966.00,431.91,431.97,7.00,7.00,0.00,0.60,0.80
1921.00,2011.00,432.07,432.12,6.00,6.00,0.00,0.60,0.80
1913.00,1921.00,431.78,432.07,7.00,7.00,0.00,0.60,0.80
2024.00,2042.00,431.82,431.93,6.00,6.00,0.00,0.60,0.80
1881.00,1898.00,431.85,432.03,6.00,7.00,0.00,0.60,0.80
1905.00,1913.00,431.78,432.02,7.00,7.00,0.00,0.60,0.80
1884.00,1972.00,432.05,432.06,6.00,6.00,0.00,0.60,0.80
1716.00,1812.00,431.92,432.12,7.00,7.00,0.00,0.60,0.80
1902.00,1957.00,431.88,432.18,6.00,6.00,0.00,0.60,0.80
1892.00,1979.00,431.82,432.04,7.00,7.00,0.00,0.60,0.80
1919.00,1943.00,431.81,432.00,6.00,6.00,0.00,0.60,0.80
1741.00,1798.00,431.98,432.15,6.00,6.00,0.00,0.60,0.80
1977.00,2009.00,431.89,431.97,7.00,7.00,0.00,0.60,0.80
1932.00,2004.00,431.68,431.90,6.00,6.00,0.00,0.60,0.80
1928.00,1975.00,431.54,431.90,7.00,7.00,0.00,0.60,0.80
1873.00,1873.00,431.93,431.93,6.00,6.00,0.00,0.60,0.80
1750.00,1773.00,432.00,432.04,6.00,6.00,0.00,0.60,0.80
2045.00,2100.00,431.78,431.90,7.00,7.00,0.00,0.60,0.80
1994.00,1995.00,431.98,432.08,7.00,7.00,0.00,0.60,0.80
1763.00,1766.00,431.65,431.75,6.00,7.00,0.00,0.60,0.80
1897.00,1913.00,431.77,431.78,6.00,6.00,0.00,0.60,0.80
1861.00,1930.00,432.03,432.12,7.00,7.00,0.00,0.60,0.80
1930.00,1976.00,431.68,431.91,6.00,6.00,0.00,0.60,0.80
1900.00,1956.00,431.81,432.00,7.00,7.00,0.00,0.60,0.80
1909.00,1950.00,431.79,432.01,6.00,6.00,0.00,0.60,0.80
1947.00,1949.00,432.02,432.07,7.00,7.00,0.00,0.60,0.80
1939.00,1994.00,431.80,431.98,6.00,6.00,0.00,0.60,0.80
1905.00,1950.00,431.91,432.02,7.00,7.00,0.00,0.60,0.80
