45.00,98.00,777.78,800.00,6.00,6.00,1.00,0.00,1.80
29.00,63.00,779.66,800.00,6.00,6.00,1.00,0.00,1.80
25.00,45.00,775.25,785.71,6.00,6.00,1.00,0.00,1.60
20.00,64.00,769.41,833.33,6.00,6.00,1.00,0.00,1.60
61.00,68.00,777.78,790.32,7.00,7.00,1.00,0.00,1.80
15.00,24.00,750.00,791.67,7.00,7.00,1.00,0.00,1.60
21.00,62.00,790.32,800.00,6.00,6.00,1.00,0.00,1.60
22.00,37.00,783.78,789.47,6.00,6.00,1.00,0.00,1.20
14.00,64.00,781.25,800.00,7.00,7.00,1.00,0.00,1.80
30.00,46.00,766.67,782.61,6.00,7.00,1.00,0.00,1.80
46.50,80.00,776.39,800.00,6.00,6.00,1.00,0.00,1.60
52.00,63.00,779.13,780.49,6.00,6.00,1.00,0.00,1.20
24.00,62.00,774.19,791.67,6.00,6.00,1.00,0.00,1.60
45.00,56.00,777.78,785.71,6.00,6.00,1.00,0.00,1.20
21.50,25.00,767.32,800.00,6.00,6.00,1.00,0.00,1.40
15.00,73.00,780.82,800.00,6.00,6.00,1.00,0.00,1.80
31.00,45.00,774.19,777.78,6.00,6.00,1.00,0.00,1.40
20.00,67.00,777.78,800.00,6.00,6.00,1.00,0.00,1.80
28.00,63.00,785.71,800.00,6.00,6.00,1.00,0.00,1.80
19.00,63.00,777.78,785.71,6.00,6.00,1.00,0.00,1.80
25.00,28.00,760.00,785.71,6.00,6.00,1.00,0.00,1.60
12.50,63.00,794.74,833.33,6.00,6.00,1.00,0.00,2.00
41.00,62.00,786.89,833.33,6.00,7.00,1.00,0.00,2.00
21.00,63.00,761.90,777.78,6.00,7.00,1.00,0.00,1.60
38.00,63.00,777.78,783.78,6.00,6.00,1.00,0.00,1.40
23.00,40.00,775.00,785.71,6.00,6.00,1.00,0.00,1.60
7.50,27.00,777.78,1000.00,6.00,6.00,1.00,0.00,2.20
40.00,67.00,781.50,789.47,6.00,6.00,1.00,0.00,1.40
41.50,60.00,778.76,788.46,6.00,6.00,1.00,0.00,1.60
29.50,62.00,772.22,793.10,6.00,6.00,1.00,0.00,2.00
41.00,70.00,787.59,818.18,6.00,6.00,1.00,0.00,1.40
19.00,61.00,786.89,1000.00,6.00,6.00,1.00,0.00,1.80
17.00,25.00,764.71,857.14,6.00,6.00,1.00,0.00,1.60
27.00,63.00,768.07,793.65,6.00,6.00,1.00,0.00,1.40
39.50,63.00,769.45,777.78,6.00,6.00,1.00,0.00,1.40
26.50,63.00,779.51,800.00,6.00,6.00,1.00,0.00,1.40
19.00,65.00,779.40,1000.00,6.00,6.00,1.00,0.00,1.80
18.00,62.00,777.78,812.50,6.00,6.00,1.00,0.00,2.00
19.50,41.00,779.13,785.71,6.00,6.00,1.00,0.00,1.80
24.00,63.00,780.19,800.00,6.00,6.00,1.00,0.00,2.00
17.50,63.00,783.63,812.50,6.00,6.00,1.00,0.00,1.60
24.00,65.00,778.67,1000.00,6.00,6.00,1.00,0.00,1.40
22.00,63.00,777.78,791.67,6.00,6.00,1.00,0.00,2.00
21.00,28.00,772.73,809.52,6.00,6.00,1.00,0.00,1.80
30.00,37.00,783.78,789.47,6.00,6.00,1.00,0.00,1.80
30.00,49.00,767.59,775.51,6.00,6.00,1.00,0.00,1.60
5.00,66.00,772.73,800.00,6.00,7.00,1.00,0.00,2.20
23.50,36.00,769.84,807.69,7.00,7.00,1.00,0.00,2.00
13.00,61.00,774.19,800.00,6.00,6.00,1.00,0.00,1.60
23.00,70.00,777.78,790.32,6.00,6.00,1.00,0.00,1.60
25.00,62.00,774.19,1000.00,6.00,6.00,1.00,0.00,1.80
26.00,41.00,777.78,807.69,6.00,6.00,1.00,0.00,1.80
22.00,36.00,775.99,809.52,6.00,6.00,1.00,0.00,2.20
20.00,62.00,764.71,790.32,6.00,6.00,1.00,0.00,2.20
30.00,63.00,771.43,777.78,6.00,6.00,1.00,0.00,1.60
6.00,63.00,800.00,1000.00,6.00,6.00,1.00,0.00,2.20
24.00,34.00,791.29,794.12,6.00,6.00,1.00,0.00,2.00
27.00,68.00,777.78,800.00,6.00,6.00,1.00,0.00,1.60
18.00,27.00,773.50,789.47,6.00,6.00,1.00,0.00,1.80
13.50,16.00,750.00,750.00,6.00,6.00,1.00,0.00,2.00
12.50,67.00,782.62,1000.00,6.00,6.00,1.00,0.00,2.00
15.50,59.00,792.17,857.14,6.00,6.00,1.00,0.00,2.00
37.00,63.00,777.78,783.78,6.00,6.00,1.00,0.00,1.80
13.00,27.00,763.89,785.71,6.00,6.00,1.00,0.00,1.40
25.00,63.00,790.32,833.33,6.00,6.00,1.00,0.00,1.60
6.00,62.00,774.19,833.33,6.00,6.00,1.00,0.00,2.20
29.00,35.00,758.62,771.43,6.00,6.00,1.00,0.00,1.80
19.00,30.00,789.47,800.00,6.00,6.00,1.00,0.00,1.80
35.00,78.00,771.71,782.05,6.00,6.00,1.00,0.00,1.40
18.00,23.00,777.78,782.61,6.00,7.00,1.00,0.00,2.00
19.00,62.00,789.47,800.00,7.00,7.00,1.00,0.00,1.60
22.50,51.00,783.46,793.10,6.00,7.00,1.00,0.00,1.80
26.00,77.00,794.87,833.33,6.00,6.00,1.00,0.00,1.60
21.00,38.00,761.90,774.19,6.00,6.00,1.00,0.00,1.60
16.00,63.00,793.65,833.33,6.00,6.00,1.00,0.00,1.80
56.00,64.00,779.51,795.92,6.00,6.00,1.00,0.00,1.40
15.00,22.00,743.51,800.00,6.00,6.00,1.00,0.00,1.40
31.00,39.00,771.43,800.00,6.00,6.00,1.00,0.00,2.00
27.00,63.00,777.78,800.00,6.00,6.00,1.00,0.00,2.20
26.00,40.00,775.00,818.18,6.00,6.00,1.00,0.00,1.60
5.00,62.00,775.51,1000.00,6.00,6.00,1.00,0.00,2.00
20.00,49.00,800.00,800.00,6.00,6.00,1.00,0.00,1.60
15.50,38.00,785.71,789.47,6.00,6.00,1.00,0.00,1.80
21.00,58.00,775.86,789.47,6.00,6.00,1.00,0.00,1.60
14.00,62.00,750.00,790.32,6.00,6.00,1.00,0.00,1.60
49.00,66.00,780.49,800.00,6.00,6.00,1.00,0.00,1.60
14.00,59.00,772.18,818.18,6.00,6.00,1.00,0.00,1.40
16.00,28.00,781.75,789.47,6.00,6.00,1.00,0.00,2.00
21.00,38.00,761.90,789.47,6.00,6.00,1.00,0.00,2.00
16.50,54.00,722.22,777.78,6.00,6.00,1.00,0.00,1.40
48.00,66.00,770.83,787.88,6.00,6.00,1.00,0.00,1.20
19.00,49.00,764.71,787.23,6.00,6.00,1.00,0.00,1.60
20.00,51.00,769.23,800.00,6.00,6.00,1.00,0.00,1.60
19.50,63.00,777.78,791.67,6.00,6.00,1.00,0.00,1.80
35.00,63.00,791.67,857.14,6.00,6.00,1.00,0.00,1.60
41.00,67.00,780.49,791.04,6.00,6.00,1.00,0.00,1.80
19.50,62.00,762.35,789.47,6.00,6.00,1.00,0.00,2.00
18.50,30.00,774.64,800.00,6.00,6.00,1.00,0.00,1.40
21.00,63.00,790.32,812.50,6.00,6.00,1.00,0.00,2.00
9.00,63.00,763.89,1000.00,6.00,6.00,1.00,0.00,2.20
35.50,51.00,781.05,800.00,6.50,7.00,1.00,0.00,2.00
27.00,61.00,774.13,800.00,7.00,7.00,1.00,0.00,1.80
15.00,63.00,777.78,800.00,6.00,7.00,1.00,0.00,1.80
25.50,63.00,762.10,777.78,6.00,6.00,1.00,0.00,1.60
18.00,63.00,777.78,1000.00,6.00,6.00,1.00,0.00,2.40
20.50,44.00,773.86,781.25,6.00,6.00,1.00,0.00,1.80
19.50,63.00,768.72,777.78,6.00,6.00,1.00,0.00,1.80
35.50,63.00,771.87,791.67,6.00,6.00,1.00,0.00,1.60
17.00,25.00,760.00,800.00,6.00,6.00,1.00,0.00,1.80
2.00,43.00,790.70,1000.00,6.00,6.00,1.00,0.00,2.00
15.50,37.00,768.89,800.00,6.00,6.00,1.00,0.00,1.80
25.00,62.00,775.16,809.52,6.00,6.00,1.00,0.00,1.80
20.00,63.00,775.00,812.50,6.00,6.00,1.00,0.00,1.60
24.50,54.00,775.25,777.78,6.00,6.00,1.00,0.00,1.60
27.00,50.00,777.78,780.49,6.00,6.00,1.00,0.00,1.80
13.00,63.00,777.78,782.61,6.00,6.00,1.00,0.00,2.00
31.00,63.00,772.37,777.78,6.00,6.00,1.00,0.00,1.60
27.50,50.00,777.50,800.00,6.00,6.00,1.00,0.00,1.60
32.00,62.00,780.49,790.32,6.00,6.00,1.00,0.00,1.80
33.50,41.00,776.39,780.49,6.00,6.00,1.00,0.00,1.60
17.00,49.00,775.51,833.33,6.00,6.00,1.00,0.00,1.80
16.00,33.00,787.88,833.33,6.00,6.00,1.00,0.00,1.60
12.00,63.00,777.78,777.78,6.00,6.00,1.00,0.00,1.60
62.00,68.00,779.41,790.32,6.00,6.00,1.00,0.00,1.20
20.00,31.00,800.00,800.00,6.00,6.00,1.00,0.00,1.80
12.50,19.00,783.63,800.00,6.00,6.00,1.00,0.00,2.00
27.00,30.00,777.47,785.71,6.00,6.00,1.00,0.00,1.40
33.00,51.00,784.31,789.47,6.00,6.00,1.00,0.00,1.80
34.00,63.00,764.71,777.78,6.00,6.00,1.00,0.00,2.00
18.00,54.00,777.78,800.00,6.00,6.00,1.00,0.00,1.60
20.00,79.00,785.71,800.00,6.00,6.00,1.00,0.00,1.80
20.00,28.00,785.71,800.00,6.00,6.00,1.00,0.00,1.80
40.00,62.00,774.19,785.71,6.00,6.00,1.00,0.00,1.60
35.00,50.00,765.00,785.71,6.00,6.00,1.00,0.00,1.40
17.00,24.00,732.14,791.67,6.00,6.00,1.00,0.00,2.00
21.00,48.00,761.90,781.25,6.00,6.00,1.00,0.00,2.00
30.00,43.00,771.22,800.00,6.00,6.00,1.00,0.00,1.80
29.00,34.00,782.61,793.10,6.00,6.00,1.00,0.00,1.60
8.00,67.00,764.71,833.33,6.00,7.00,1.00,0.00,2.00
28.50,59.00,764.83,792.45,7.00,7.00,1.00,0.00,1.80
15.50,63.00,773.50,800.00,6.00,7.00,1.00,0.00,1.80
19.00,62.00,785.71,789.47,6.00,6.00,1.00,0.00,1.80
44.00,75.00,777.78,800.00,6.00,6.00,1.00,0.00,1.40
25.00,63.00,790.32,1000.00,6.00,6.00,1.00,0.00,1.60
40.00,63.00,777.78,785.71,6.00,6.00,1.00,0.00,1.60
18.00,47.00,781.25,800.00,6.00,6.00,1.00,0.00,1.60
22.00,50.00,772.73,800.00,6.00,6.00,1.00,0.00,1.60
17.00,29.00,768.72,833.33,6.00,6.00,1.00,0.00,1.80
4.00,63.00,777.78,1000.00,6.00,6.00,1.00,0.00,2.00
20.00,40.00,775.00,800.00,6.00,6.00,1.00,0.00,1.80
15.00,27.00,764.71,800.00,6.00,6.00,1.00,0.00,1.60
22.00,32.00,757.35,781.25,6.00,6.00,1.00,0.00,1.40
30.00,74.00,769.23,833.33,6.00,6.00,1.00,0.00,1.60
20.00,46.00,777.78,800.00,6.00,6.00,1.00,0.00,1.80
16.00,54.00,777.78,812.50,6.00,6.00,1.00,0.00,1.80
19.00,83.00,781.25,789.47,6.00,6.00,1.00,0.00,1.80
15.00,46.00,785.71,800.00,6.00,6.00,1.00,0.00,1.60
24.50,63.00,777.78,800.00,6.00,6.00,1.00,0.00,2.00
29.50,42.00,792.86,1000.00,6.00,6.00,1.00,0.00,1.80
30.00,44.00,766.67,800.00,6.00,6.00,1.00,0.00,1.80
32.00,77.00,772.73,781.25,6.00,6.00,1.00,0.00,1.80
26.00,46.00,782.61,807.69,6.00,6.00,1.00,0.00,1.60
16.50,63.00,762.93,777.78,6.00,6.00,1.00,0.00,2.00
23.00,66.00,779.81,791.67,6.00,6.00,1.00,0.00,2.00
42.00,50.00,777.78,785.71,6.00,6.00,1.00,0.00,1.60
13.00,61.00,769.23,800.00,6.00,7.00,1.00,0.00,2.00
17.00,27.00,750.00,777.78,6.00,6.00,1.00,0.00,1.60
12.00,34.00,757.35,782.61,6.00,7.00,1.00,0.00,2.00
14.50,62.00,805.56,1000.00,6.00,6.00,1.00,0.00,2.20
35.00,79.00,771.43,784.81,6.00,7.00,1.00,0.00,1.80
12.00,63.00,763.89,800.00,6.00,6.00,1.00,0.00,1.40
16.00,63.00,750.00,777.78,6.00,6.00,1.00,0.00,1.40
41.00,62.00,767.77,790.32,6.00,6.00,1.00,0.00,1.60
40.00,60.00,783.33,1000.00,6.00,7.00,1.00,0.00,1.80
40.50,63.00,770.98,793.10,6.00,6.00,1.00,0.00,2.00
15.00,23.00,782.61,800.00,6.00,6.00,1.00,0.00,1.80
18.00,50.00,780.00,787.23,6.00,7.00,1.00,0.00,1.80
20.00,41.00,766.67,785.71,6.00,6.00,1.00,0.00,1.60
14.50,49.00,743.51,785.71,6.00,6.00,1.00,0.00,2.00
17.00,60.00,783.33,833.33,6.00,6.00,1.00,0.00,1.80
14.00,23.00,782.61,800.00,6.00,6.00,1.00,0.00,1.60
19.50,62.00,769.84,800.00,6.00,6.00,1.00,0.00,1.80
20.00,63.00,777.78,833.33,6.00,6.00,1.00,0.00,1.60
12.50,49.00,755.95,795.92,6.00,6.00,1.00,0.00,2.00
23.00,63.00,777.78,800.00,6.00,6.00,1.00,0.00,1.80
28.00,39.00,785.71,800.00,6.00,6.00,1.00,0.00,1.80
24.00,62.00,769.23,791.67,6.00,6.00,1.00,0.00,1.80
20.00,63.00,763.89,833.33,6.00,6.00,1.00,0.00,1.40
22.00,58.00,793.10,833.33,6.00,6.00,1.00,0.00,1.80
35.00,104.00,769.55,788.46,6.00,6.00,1.00,0.00,1.40
20.50,63.00,773.50,800.00,6.00,6.00,1.00,0.00,1.60
24.00,62.00,790.32,818.18,6.00,6.00,1.00,0.00,1.80
34.50,63.00,774.60,857.14,6.00,6.00,1.00,0.00,1.40
14.00,50.00,762.76,791.67,6.00,6.00,1.00,0.00,2.00
16.00,26.00,769.23,812.50,6.00,6.00,1.00,0.00,1.80
36.00,62.00,789.26,800.00,6.00,6.00,1.00,0.00,1.60
26.00,32.00,783.48,791.67,6.00,6.00,1.00,0.00,1.40
27.00,69.00,777.78,833.33,6.00,6.00,1.00,0.00,1.80
11.00,66.00,777.78,818.18,6.00,6.00,1.00,0.00,2.00
34.50,62.00,762.76,790.32,6.00,6.00,1.00,0.00,1.40
16.00,19.00,759.62,812.50,6.00,6.00,1.00,0.00,1.80
28.00,63.00,750.00,790.32,6.00,6.00,1.00,0.00,1.60
21.50,27.00,783.63,791.67,6.00,6.00,1.00,0.00,1.40
49.00,63.00,775.51,777.78,6.00,6.00,1.00,0.00,1.80
28.00,53.00,784.75,857.14,6.00,6.00,1.00,0.00,1.40
32.50,75.00,785.44,818.18,6.00,6.00,1.00,0.00,1.40
23.00,62.00,761.36,774.19,6.00,6.00,1.00,0.00,1.40
23.00,63.00,770.47,1000.00,6.00,6.00,1.00,0.00,1.40
12.00,54.00,772.73,800.00,6.00,6.00,1.00,0.00,1.80
15.00,29.00,766.97,800.00,6.00,6.00,1.00,0.00,2.00
26.00,73.00,765.41,781.25,6.00,6.00,1.00,0.00,1.40
28.00,62.00,785.71,790.32,6.00,6.00,1.00,0.00,1.20
3.00,27.00,772.73,1000.00,6.00,6.00,1.00,0.00,2.00
18.00,25.00,764.71,777.78,6.00,6.00,1.00,0.00,1.60
14.00,43.00,777.78,785.71,6.00,6.00,1.00,0.00,1.80
17.00,29.00,777.78,793.10,6.00,6.00,1.00,0.00,2.00
25.00,37.00,760.00,783.78,6.00,6.00,1.00,0.00,1.80
5.00,63.00,761.36,833.33,6.00,6.00,1.00,0.00,2.20
18.00,50.00,777.78,833.33,6.00,7.00,1.00,0.00,1.60
56.50,77.00,778.50,780.00,6.00,6.00,1.00,0.00,1.40
26.00,62.00,770.98,790.32,6.00,6.00,1.00,0.00,1.40
28.00,63.00,777.78,800.00,6.00,6.00,1.00,0.00,2.00
15.00,31.00,774.19,1000.00,6.00,6.00,1.00,0.00,2.40
18.00,111.00,777.78,800.00,6.00,6.00,1.00,0.00,1.80
21.00,63.00,777.78,791.67,6.00,7.00,1.00,0.00,1.60
18.50,59.00,757.35,779.66,6.00,7.00,1.00,0.00,1.40
17.00,25.00,760.00,800.00,6.00,6.00,1.00,0.00,1.60
2.00,62.00,633.33,1000.00,6.00,7.00,1.00,0.00,2.40
15.00,79.00,777.78,800.00,6.00,6.00,1.00,0.00,1.60
15.00,32.00,785.71,818.18,6.00,6.00,1.00,0.00,1.80
22.50,30.00,767.95,800.00,6.00,6.00,1.00,0.00,2.00
10.00,63.00,764.71,857.14,6.00,6.00,1.00,0.00,1.60
24.50,63.00,768.89,791.67,6.00,6.00,1.00,0.00,1.60
31.00,63.00,774.19,777.78,6.00,6.00,1.00,0.00,1.80
12.00,46.00,780.19,818.18,6.00,6.00,1.00,0.00,1.60
16.50,63.00,771.24,812.50,6.00,6.00,1.00,0.00,2.00
19.00,62.00,774.19,789.47,6.00,6.00,1.00,0.00,1.60
5.00,63.00,780.00,1000.00,6.00,6.00,1.00,0.00,2.00
14.00,36.00,777.78,833.33,6.00,6.00,1.00,0.00,1.80
15.00,62.00,790.32,833.33,6.00,6.00,1.00,0.00,1.80
48.50,57.00,782.24,789.47,6.00,6.00,1.00,0.00,1.20
24.00,79.00,785.26,789.47,6.00,6.00,1.00,0.00,1.60
19.00,65.00,781.25,1000.00,6.00,6.00,1.00,0.00,2.20
45.50,63.00,775.99,783.33,6.00,6.00,1.00,0.00,1.60
26.00,63.00,769.23,807.69,6.00,6.00,1.00,0.00,2.00
23.00,45.00,782.61,785.71,6.00,6.00,1.00,0.00,1.80
19.50,63.00,773.50,782.61,6.00,6.00,1.00,0.00,2.20
3.00,63.00,777.78,1000.00,6.00,6.00,1.00,0.00,2.40
17.00,53.00,777.78,792.45,6.00,6.00,1.00,0.00,2.00
21.00,30.00,788.89,807.69,6.00,6.00,1.00,0.00,1.80
15.00,32.00,782.61,800.00,6.00,6.00,1.00,0.00,1.80
15.50,46.00,782.61,800.00,6.00,6.00,1.00,0.00,2.00
3.00,44.00,760.00,1000.00,6.00,6.00,1.00,0.00,2.00
17.00,45.00,764.71,800.00,6.00,6.00,1.00,0.00,1.80
18.00,64.00,777.78,781.25,6.00,6.00,1.00,0.00,1.40
62.00,63.00,777.78,783.78,6.00,6.00,1.00,0.00,1.40
23.00,62.00,782.61,833.33,6.00,6.00,1.00,0.00,1.80
35.00,67.00,787.23,1000.00,6.00,6.00,1.00,0.00,1.80
23.00,41.00,766.67,782.61,6.00,6.00,1.00,0.00,1.60
27.00,72.00,777.78,785.71,6.00,6.00,1.00,0.00,1.20
28.50,63.00,773.46,777.78,6.00,6.00,1.00,0.00,1.60
20.50,47.00,780.19,787.23,6.00,6.00,1.00,0.00,1.60
5.00,62.00,771.93,800.00,6.00,6.00,1.00,0.00,1.60
16.50,30.00,765.69,777.78,6.00,6.00,1.00,0.00,2.00
18.00,85.00,781.25,800.00,6.00,6.00,1.00,0.00,1.80
20.00,29.00,773.66,793.10,6.00,6.00,1.00,0.00,1.40
20.00,32.00,750.00,800.00,6.00,6.00,1.00,0.00,1.80
25.00,41.00,773.86,785.71,6.00,6.00,1.00,0.00,2.20
33.00,51.00,776.39,809.52,6.00,6.00,1.00,0.00,2.00
22.00,74.00,783.78,818.18,6.00,6.00,1.00,0.00,1.60
21.00,80.00,761.90,787.50,6.00,6.00,1.00,0.00,1.60
30.00,63.00,775.00,833.33,6.00,6.00,1.00,0.00,1.60
19.00,64.00,780.49,1000.00,6.00,7.00,1.00,0.00,2.00
18.50,61.00,786.36,857.14,6.00,7.00,1.00,0.00,1.80
15.00,30.00,789.47,800.00,6.00,6.00,1.00,0.00,1.60
15.00,63.00,766.97,800.00,6.00,7.00,1.00,0.00,2.00
21.00,30.00,758.33,772.73,6.00,6.00,1.00,0.00,1.60
31.00,62.00,774.19,790.32,6.00,7.00,1.00,0.00,1.80
17.00,74.00,774.24,818.18,6.00,7.00,1.00,0.00,1.40
21.00,27.00,780.19,789.47,6.00,6.00,1.00,0.00,1.40
17.00,48.00,767.77,800.00,6.00,7.00,1.00,0.00,1.80
18.00,41.00,777.78,780.49,6.00,7.00,1.00,0.00,1.60
40.00,41.00,775.00,780.49,6.00,6.00,1.00,0.00,1.80
34.00,62.00,790.32,800.00,6.00,6.00,1.00,0.00,1.80
21.50,28.00,785.71,800.00,6.00,6.00,1.00,0.00,1.40
20.00,63.00,777.78,800.00,6.00,6.00,1.00,0.00,2.00
29.00,62.00,784.05,857.14,6.00,6.00,1.00,0.00,1.40
22.00,39.00,769.23,791.67,6.00,6.00,1.00,0.00,1.60
63.00,107.00,777.78,800.00,6.00,6.00,1.00,0.00,1.60
63.00,63.00,777.78,777.78,6.00,6.00,1.00,0.00,1.00
24.00,36.00,777.78,791.67,6.00,6.00,1.00,0.00,1.20
20.00,69.00,782.61,1000.00,6.00,6.00,1.00,0.00,2.00
25.00,66.00,785.71,833.33,6.00,6.00,1.00,0.00,1.80
20.00,50.00,772.73,780.00,6.00,6.00,1.00,0.00,1.80
15.50,63.00,769.84,800.00,6.00,6.00,1.00,0.00,2.00
17.00,31.00,764.71,774.19,6.00,6.00,1.00,0.00,1.60
4.50,65.00,772.31,1000.00,6.00,6.00,1.00,0.00,2.20
50.50,62.00,775.99,790.32,6.00,6.00,1.00,0.00,2.00
20.00,35.00,750.00,771.43,6.00,6.00,1.00,0.00,1.40
24.00,74.00,783.78,791.67,6.00,6.00,1.00,0.00,1.80
17.00,18.00,764.71,777.78,6.00,6.00,1.00,0.00,1.60
5.00,64.00,708.33,781.25,6.00,6.00,1.00,0.00,2.40
44.00,56.00,772.73,785.71,6.00,6.00,1.00,0.00,1.60
16.50,62.00,785.71,800.00,6.00,6.00,1.00,0.00,2.00
16.00,22.00,777.78,1000.00,6.00,6.00,1.00,0.00,1.80
41.00,69.00,780.19,783.78,6.00,6.00,1.00,0.00,1.60
13.50,66.00,769.70,1000.00,6.00,6.00,1.00,0.00,1.80
16.00,83.00,777.78,783.13,6.00,6.00,1.00,0.00,1.60
23.00,84.00,789.92,800.00,6.00,6.00,1.00,0.00,1.60
19.00,63.00,771.43,789.47,6.00,6.00,1.00,0.00,1.80
44.00,77.00,780.24,785.71,6.00,6.00,1.00,0.00,1.40
4.50,49.00,666.67,795.92,6.00,6.00,1.00,0.00,2.40
26.00,32.00,769.23,781.25,6.00,6.00,1.00,0.00,1.80
16.00,76.00,783.63,789.47,6.00,6.00,1.00,0.00,1.40
24.00,25.00,760.00,785.71,6.00,6.00,1.00,0.00,1.20
25.00,38.00,760.00,789.47,6.00,6.00,1.00,0.00,1.60
5.00,35.00,760.00,800.00,6.00,7.00,1.00,0.00,2.20
18.00,31.00,781.83,833.33,6.00,6.00,1.00,0.00,1.80
27.50,42.00,781.75,791.67,6.00,6.00,1.00,0.00,2.00
27.50,62.00,767.95,800.00,6.00,7.00,1.00,0.00,2.00
50.00,67.00,776.12,780.00,6.00,6.00,1.00,0.00,1.20
14.00,62.00,773.46,800.00,6.00,7.00,1.00,0.00,1.80
11.00,21.00,777.78,833.33,6.00,6.00,1.00,0.00,1.60
24.00,77.00,779.22,800.00,6.00,6.00,1.00,0.00,1.60
25.50,62.00,762.10,800.00,6.00,6.00,1.00,0.00,1.40
17.00,54.00,792.86,833.33,6.00,6.00,1.00,0.00,1.40
30.00,52.00,783.65,800.00,6.00,6.00,1.00,0.00,1.40
23.00,63.00,775.25,791.67,6.00,6.00,1.00,0.00,2.00
24.00,29.00,782.61,793.10,6.00,6.00,1.00,0.00,1.20
21.00,45.00,781.75,800.00,6.00,6.00,1.00,0.00,1.40
29.00,46.00,772.60,782.61,6.00,6.00,1.00,0.00,1.40
14.00,64.00,770.62,1000.00,6.00,6.00,1.00,0.00,2.00
16.00,44.00,809.52,833.33,6.00,6.00,1.00,0.00,2.00
15.00,64.00,781.25,800.00,6.00,6.00,1.00,0.00,1.80
22.00,53.00,772.73,773.58,6.00,6.00,1.00,0.00,1.20
14.50,63.00,763.89,777.78,6.00,6.00,1.00,0.00,1.80
12.50,63.00,796.83,1000.00,6.00,6.00,1.00,0.00,1.80
38.50,63.00,783.63,793.10,6.00,6.00,1.00,0.00,1.40
28.00,38.00,785.24,789.47,6.00,6.00,1.00,0.00,1.60
18.00,91.00,777.78,812.50,6.00,6.00,1.00,0.00,1.80
33.00,47.00,787.23,787.88,6.00,6.00,1.00,0.00,1.20
20.50,63.00,775.25,1000.00,6.00,6.00,1.00,0.00,2.40
37.50,60.00,779.17,800.00,6.00,6.00,1.00,0.00,1.40
18.00,63.00,743.51,777.78,6.00,6.00,1.00,0.00,1.40
17.00,31.00,769.23,774.19,6.00,6.00,1.00,0.00,1.40
15.50,63.00,779.13,1000.00,6.00,6.00,1.00,0.00,2.00
39.50,62.00,782.24,794.87,6.00,6.00,1.00,0.00,1.40
14.00,46.00,775.25,782.61,6.00,6.00,1.00,0.00,1.80
13.50,63.00,773.50,785.71,6.00,6.00,1.00,0.00,1.80
42.00,63.00,777.78,788.46,6.00,6.00,1.00,0.00,1.80
9.00,62.00,777.78,790.32,6.00,6.00,1.00,0.00,1.80
28.00,63.00,782.61,785.71,6.00,7.00,1.00,0.00,1.80
18.00,26.00,777.78,800.00,6.00,6.00,1.00,0.00,1.80
22.50,32.00,781.25,789.47,6.00,6.00,1.00,0.00,1.80
17.00,26.00,764.71,807.69,6.00,6.00,1.00,0.00,2.00
19.00,27.00,761.90,789.47,6.00,6.00,1.00,0.00,1.80
21.00,40.00,775.00,800.00,6.00,6.00,1.00,0.00,1.80
23.00,31.00,781.75,800.00,6.00,6.00,1.00,0.00,1.80
23.00,75.00,786.67,789.47,6.00,7.00,1.00,0.00,1.60
19.00,63.00,777.78,800.00,6.00,6.00,1.00,0.00,1.60
6.00,63.00,784.05,1000.00,6.00,7.00,1.00,0.00,1.80
22.00,63.00,777.78,800.00,6.00,6.00,1.00,0.00,2.00
15.00,29.00,782.61,818.18,6.00,6.00,1.00,0.00,1.80
26.00,64.00,769.23,781.25,6.00,6.00,1.00,0.00,1.80
39.50,43.00,772.61,833.33,6.00,6.00,1.00,0.00,1.60
7.00,69.00,782.61,833.33,6.00,6.00,1.00,0.00,2.20
34.00,71.00,789.10,800.00,6.00,6.00,1.00,0.00,1.60
24.50,62.00,783.63,790.32,6.00,6.00,1.00,0.00,2.00
22.00,41.00,772.73,787.88,6.00,6.00,1.00,0.00,1.60
20.00,31.00,774.19,812.50,6.00,6.00,1.00,0.00,1.80
7.00,62.00,750.00,790.32,6.00,6.00,1.00,0.00,2.20
21.50,62.00,778.40,800.00,6.00,6.00,1.00,0.00,2.00
22.00,62.00,769.23,774.19,6.00,6.00,1.00,0.00,1.60
16.00,32.00,777.78,781.25,6.00,6.00,1.00,0.00,1.80
56.00,68.00,778.59,795.92,6.00,6.00,1.00,0.00,1.60
41.00,63.00,777.78,780.49,6.00,6.00,1.00,0.00,1.60
62.00,63.00,777.78,790.32,6.00,6.00,1.00,0.00,1.20
18.00,24.00,750.00,777.78,6.00,6.00,1.00,0.00,1.20
19.00,75.00,786.67,791.67,6.00,6.00,1.00,0.00,1.60
43.50,68.00,778.59,791.67,6.00,6.00,1.00,0.00,1.60
16.00,50.00,737.14,780.00,6.00,6.00,1.00,0.00,1.80
15.00,34.00,782.35,800.00,6.00,6.00,1.00,0.00,2.00
24.00,40.00,766.67,791.67,6.00,6.00,1.00,0.00,1.80
24.50,63.00,787.45,800.00,6.00,6.00,1.00,0.00,1.60
20.50,61.00,761.36,786.89,6.00,6.00,1.00,0.00,1.40
35.00,67.00,771.43,780.49,6.00,6.00,1.00,0.00,1.80
14.00,38.00,785.71,800.00,6.00,6.00,1.00,0.00,1.80
21.00,62.00,790.32,818.18,6.00,6.00,1.00,0.00,1.80
16.00,39.00,757.58,812.50,6.00,6.00,1.00,0.00,1.80
19.00,29.00,789.47,800.00,6.00,6.00,1.00,0.00,2.00
35.00,66.00,772.08,800.00,6.00,7.00,1.00,0.00,1.60
16.00,63.00,777.78,812.50,6.00,7.00,1.00,0.00,2.00
29.00,63.00,777.78,812.50,6.00,6.00,1.00,0.00,1.80
21.00,33.00,775.25,787.88,6.00,6.00,1.00,0.00,1.40
17.00,30.00,764.71,789.47,6.00,7.00,1.00,0.00,1.60
22.00,62.00,774.19,800.00,6.00,6.00,1.00,0.00,1.60
22.00,51.00,764.71,785.71,6.00,7.00,1.00,0.00,1.80
15.50,21.00,755.95,812.50,6.00,7.00,1.00,0.00,2.00
38.50,65.00,781.20,785.71,6.00,6.00,1.00,0.00,1.40
25.00,40.00,775.00,777.78,6.00,6.00,1.00,0.00,1.20
20.00,36.00,777.78,800.00,6.00,7.00,1.00,0.00,1.60
23.50,63.00,775.25,833.33,6.00,6.00,1.00,0.00,1.80
21.00,37.00,777.78,809.52,6.00,6.00,1.00,0.00,1.60
16.00,48.00,750.00,770.83,6.00,6.00,1.00,0.00,1.80
23.00,63.00,760.71,793.65,6.00,6.00,1.00,0.00,1.60
27.00,62.00,777.78,800.00,6.00,6.00,1.00,0.00,2.00
19.00,90.00,785.71,793.10,6.00,6.00,1.00,0.00,1.80
30.00,32.00,781.25,818.18,6.00,6.00,1.00,0.00,1.20
15.00,65.00,780.00,800.00,6.00,6.00,1.00,0.00,1.80
30.00,63.00,779.13,789.47,6.00,6.00,1.00,0.00,1.40
18.00,54.00,777.78,800.00,6.00,6.00,1.00,0.00,1.80
15.00,76.00,776.32,791.67,6.00,6.00,1.00,0.00,1.60
18.00,31.00,777.78,800.00,6.00,6.00,1.00,0.00,1.60
22.00,81.00,772.73,777.78,6.00,6.00,1.00,0.00,1.80
35.00,63.00,774.60,800.00,6.00,6.00,1.00,0.00,1.60
24.50,33.00,782.83,800.00,6.00,6.00,1.00,0.00,1.40
49.50,63.00,777.78,781.25,6.00,6.00,1.00,0.00,1.40
28.50,45.00,763.89,777.78,6.00,6.00,1.00,0.00,1.00
17.50,55.00,771.24,781.82,6.00,6.00,1.00,0.00,1.60
31.00,49.00,774.19,795.92,6.00,6.00,1.00,0.00,2.00
47.50,62.00,786.47,791.67,6.00,6.00,1.00,0.00,1.60
34.00,48.00,783.78,857.14,6.00,6.00,1.00,0.00,1.80
17.00,31.00,769.23,785.71,6.00,6.00,1.00,0.00,2.00
17.00,21.00,769.84,812.50,6.00,6.00,1.00,0.00,1.80
4.00,52.00,772.73,1000.00,6.00,6.00,1.00,0.00,2.00
27.00,90.00,777.78,800.00,6.00,6.00,1.00,0.00,1.60
15.00,22.00,750.00,800.00,6.00,6.00,1.00,0.00,1.80
16.50,45.00,781.75,800.00,6.00,6.00,1.00,0.00,2.00
18.50,23.00,761.90,800.00,6.00,6.00,1.00,0.00,1.80
26.00,62.00,777.78,1000.00,6.00,6.00,1.00,0.00,2.20
14.00,24.00,797.62,857.14,6.00,6.00,1.00,0.00,1.60
55.00,78.00,780.86,784.31,6.00,6.00,1.00,0.00,1.40
16.00,63.00,777.78,812.50,6.00,6.00,1.00,0.00,1.60
18.00,47.00,769.23,782.61,6.00,6.00,1.00,0.00,1.60
