7.00,7.00,714.29,714.29,6.00,6.00,1.00,0.00,0.80
37.00,63.00,797.98,818.18,6.00,6.00,1.00,0.00,1.20
22.00,22.00,772.73,772.73,6.00,6.00,1.00,0.00,0.80
51.00,69.00,785.24,787.88,7.00,7.00,1.00,0.00,1.20
55.00,55.00,781.82,781.82,6.00,6.00,1.00,0.00,0.80
43.00,62.00,790.99,791.67,6.00,6.00,1.00,0.00,1.20
28.00,34.00,768.72,772.73,7.00,7.00,1.00,0.00,1.20
10.00,10.00,800.00,800.00,6.00,6.00,1.00,0.00,0.80
25.00,25.00,760.00,760.00,6.00,6.00,1.00,0.00,0.80
18.50,31.00,720.43,774.19,6.50,7.00,1.00,0.00,1.20
35.00,45.00,768.89,777.78,6.50,7.00,1.00,0.00,1.20
22.00,22.00,772.73,772.73,6.00,6.00,1.00,0.00,0.80
63.00,63.00,777.78,777.78,6.00,6.00,1.00,0.00,0.80
63.00,63.00,777.78,777.78,6.00,6.00,1.00,0.00,0.80
32.00,32.00,781.25,781.25,6.00,6.00,1.00,0.00,0.80
3.00,3.00,666.67,666.67,6.00,6.00,1.00,0.00,0.80
36.50,63.00,788.89,800.00,6.00,6.00,1.00,0.00,1.20
39.00,39.00,794.87,794.87,6.00,6.00,1.00,0.00,0.80
12.00,12.00,750.00,750.00,6.00,6.00,1.00,0.00,0.80
16.00,19.00,779.35,789.47,6.00,6.00,1.00,0.00,1.20
49.00,49.00,775.51,775.51,6.00,6.00,1.00,0.00,0.80
62.00,62.00,790.32,790.32,6.00,6.00,1.00,0.00,0.80
19.00,19.00,789.47,789.47,6.00,6.00,1.00,0.00,0.80
31.00,31.00,774.19,774.19,6.00,6.00,1.00,0.00,0.80
16.00,25.00,828.57,857.14,6.00,6.00,1.00,0.00,1.20
18.00,19.00,750.77,764.71,6.00,6.00,1.00,0.00,1.20
62.00,62.00,774.19,774.19,6.00,6.00,1.00,0.00,0.80
63.00,63.00,777.78,777.78,6.00,6.00,1.00,0.00,0.80
19.00,19.00,789.47,789.47,6.00,6.00,1.00,0.00,0.80
54.50,65.00,778.67,784.62,6.00,6.00,1.00,0.00,1.20
18.50,20.00,757.35,764.71,6.00,6.00,1.00,0.00,1.20
24.50,26.00,775.92,782.61,6.00,7.00,1.00,0.00,1.20
15.00,15.00,800.00,800.00,7.00,7.00,1.00,0.00,0.80
7.00,9.00,788.89,800.00,6.00,6.00,1.00,0.00,1.20
19.00,31.00,774.19,789.47,6.00,6.00,1.00,0.00,1.60
15.00,36.00,777.78,800.00,6.00,6.00,1.00,0.00,1.60
40.00,67.00,780.14,791.04,6.00,6.00,1.00,0.00,1.20
31.00,62.00,774.19,774.19,6.00,6.00,1.00,0.00,1.60
26.00,26.00,807.69,807.69,6.00,6.00,1.00,0.00,0.80
20.50,23.00,780.19,782.61,6.00,6.00,1.00,0.00,1.20
6.00,6.00,833.33,833.33,6.00,6.00,1.00,0.00,0.80
3.00,3.00,666.67,666.67,6.00,6.00,1.00,0.00,0.80
17.00,17.00,764.71,764.71,6.00,6.00,1.00,0.00,0.80
19.00,19.00,789.47,789.47,6.00,6.00,1.00,0.00,0.80
17.00,18.00,763.89,777.78,6.00,6.00,1.00,0.00,1.20
6.00,6.00,833.33,833.33,6.00,6.00,1.00,0.00,0.80
12.50,22.00,719.70,772.73,6.00,6.00,1.00,0.00,1.20
14.00,17.00,764.71,785.71,6.00,6.00,1.00,0.00,1.60
29.00,38.00,769.74,789.47,6.00,6.00,1.00,0.00,1.20
13.00,17.00,771.24,777.78,6.00,6.00,1.00,0.00,1.20
62.00,63.00,790.32,800.00,6.00,6.00,1.00,0.00,1.60
5.00,5.00,800.00,800.00,7.00,7.00,1.00,0.00,0.80
7.00,30.00,714.29,766.67,6.00,6.00,1.00,0.00,1.60
19.00,30.00,789.47,800.00,6.00,6.00,1.00,0.00,1.60
45.50,78.00,775.64,782.05,6.00,6.00,1.00,0.00,1.20
23.00,23.00,782.61,782.61,6.00,6.00,1.00,0.00,0.80
4.50,5.00,775.00,800.00,6.00,6.00,1.00,0.00,1.20
22.00,23.00,772.26,782.61,6.00,6.00,1.00,0.00,1.20
12.00,12.00,833.33,833.33,6.00,6.00,1.00,0.00,0.80
20.50,35.00,816.67,833.33,6.00,6.00,1.00,0.00,1.20
16.00,22.00,772.73,777.78,6.00,6.00,1.00,0.00,1.20
61.00,63.00,778.72,779.66,6.00,6.00,1.00,0.00,1.20
9.00,9.00,777.78,777.78,6.00,6.00,1.00,0.00,0.80
11.00,11.00,727.27,727.27,6.00,6.00,1.00,0.00,0.80
29.00,29.00,758.62,758.62,6.00,6.00,1.00,0.00,0.80
8.00,19.00,789.47,833.33,6.00,6.00,1.00,0.00,1.60
35.00,52.00,773.50,777.78,6.00,6.00,1.00,0.00,1.20
32.50,33.00,784.56,787.88,6.00,6.00,1.00,0.00,1.20
16.00,16.00,750.00,750.00,6.00,6.00,1.00,0.00,0.80
12.50,22.00,719.70,772.73,6.00,6.00,1.00,0.00,1.20
50.50,63.00,783.63,789.47,6.00,6.00,1.00,0.00,1.20
10.00,10.00,800.00,800.00,6.00,6.00,1.00,0.00,0.80
12.00,12.00,750.00,750.00,6.00,6.00,1.00,0.00,0.80
24.00,24.00,791.67,791.67,6.00,6.00,1.00,0.00,0.80
15.00,27.00,722.22,777.78,6.00,6.00,1.00,0.00,1.20
23.00,23.00,782.61,782.61,6.00,6.00,1.00,0.00,0.80
32.50,50.00,790.00,800.00,6.00,6.00,1.00,0.00,1.20
9.00,11.00,720.78,727.27,6.00,6.00,1.00,0.00,1.20
113.00,113.00,778.76,778.76,6.00,6.00,1.00,0.00,0.80
6.00,6.00,666.67,666.67,6.00,6.00,1.00,0.00,0.80
14.00,14.00,785.71,785.71,7.00,7.00,1.00,0.00,0.80
2.00,2.00,500.00,500.00,6.00,6.00,1.00,0.00,0.80
36.50,48.00,765.42,770.83,6.00,6.00,1.00,0.00,1.20
25.00,36.00,781.75,785.71,6.00,6.00,1.00,0.00,1.20
25.00,25.00,800.00,800.00,6.00,6.00,1.00,0.00,0.80
32.00,47.00,775.97,787.23,6.00,6.00,1.00,0.00,1.20
15.00,15.00,800.00,800.00,6.00,6.00,1.00,0.00,0.80
21.00,21.00,761.90,761.90,6.00,6.00,1.00,0.00,0.80
38.50,63.00,781.75,785.71,6.00,6.00,1.00,0.00,1.20
27.00,27.00,777.78,777.78,6.00,6.00,1.00,0.00,0.80
30.00,30.00,800.00,800.00,6.00,6.00,1.00,0.00,0.80
22.50,33.00,768.94,787.88,6.00,6.00,1.00,0.00,1.20
25.00,62.00,777.78,790.32,6.00,6.00,1.00,0.00,1.60
39.50,63.00,763.89,777.78,6.00,6.00,1.00,0.00,1.20
17.00,17.00,764.71,764.71,6.00,6.00,1.00,0.00,0.80
27.00,46.00,766.30,782.61,6.00,6.00,1.00,0.00,1.20
30.50,49.00,762.76,775.51,6.00,6.00,1.00,0.00,1.20
27.00,40.00,744.64,775.00,6.00,6.00,1.00,0.00,1.20
25.00,41.00,779.13,780.49,6.00,6.00,1.00,0.00,1.20
15.50,19.00,811.40,833.33,6.00,6.00,1.00,0.00,1.20
12.00,18.00,750.00,777.78,6.00,6.00,1.00,0.00,1.60
68.00,68.00,779.41,779.41,6.00,6.00,1.00,0.00,0.80
18.00,31.00,787.10,800.00,6.00,6.00,1.00,0.00,1.20
13.50,19.00,769.74,789.47,6.00,6.00,1.00,0.00,1.20
28.00,28.00,785.71,785.71,6.00,6.00,1.00,0.00,0.80
42.00,51.00,786.10,787.88,6.00,6.00,1.00,0.00,1.20
21.00,34.00,757.35,764.71,6.00,6.00,1.00,0.00,1.20
54.00,54.00,777.78,777.78,7.00,7.00,1.00,0.00,0.80
17.00,17.00,764.71,764.71,6.00,6.00,1.00,0.00,0.80
6.00,6.00,666.67,666.67,6.00,6.00,1.00,0.00,0.80
14.50,21.00,755.95,761.90,6.00,6.00,1.00,0.00,1.20
43.00,43.00,767.44,767.44,6.00,6.00,1.00,0.00,0.80
18.00,18.00,777.78,777.78,6.00,6.00,1.00,0.00,0.80
8.00,8.00,750.00,750.00,6.00,6.00,1.00,0.00,0.80
29.50,53.00,812.89,833.33,6.00,6.00,1.00,0.00,1.20
12.00,12.00,833.33,833.33,6.00,6.00,1.00,0.00,0.80
22.00,22.00,772.73,772.73,6.00,6.00,1.00,0.00,0.80
67.00,71.00,783.26,788.73,6.00,6.00,1.00,0.00,1.20
5.00,5.00,800.00,800.00,6.00,6.00,1.00,0.00,0.80
36.00,36.00,777.78,777.78,6.00,6.00,1.00,0.00,0.80
35.50,45.00,773.50,777.78,6.00,6.00,1.00,0.00,1.20
12.50,16.00,763.89,777.78,6.00,6.00,1.00,0.00,1.20
7.00,7.00,857.14,857.14,6.00,6.00,1.00,0.00,0.80
15.00,19.00,750.00,789.47,6.00,6.00,1.00,0.00,1.60
20.00,33.00,787.88,800.00,6.00,6.00,1.00,0.00,1.60
58.00,71.00,774.65,775.86,6.00,6.00,1.00,0.00,1.60
24.50,46.00,724.64,782.61,6.00,6.00,1.00,0.00,1.20
23.00,30.00,789.58,812.50,6.00,6.00,1.00,0.00,1.20
25.50,32.00,785.36,789.47,6.00,6.00,1.00,0.00,1.20
16.00,16.00,750.00,750.00,6.00,6.00,1.00,0.00,0.80
33.00,33.00,787.88,787.88,6.00,6.00,1.00,0.00,0.80
1.00,1.00,1000.00,1000.00,6.00,6.00,1.00,0.00,0.80
10.00,10.00,800.00,800.00,6.00,6.00,1.00,0.00,0.80
20.00,20.00,750.00,750.00,6.00,6.00,1.00,0.00,0.80
46.00,46.00,782.61,782.61,6.00,6.00,1.00,0.00,0.80
39.00,63.00,755.56,777.78,6.00,6.00,1.00,0.00,1.20
62.00,62.00,790.32,790.32,6.00,6.00,1.00,0.00,0.80
16.00,16.00,750.00,750.00,6.00,6.00,1.00,0.00,0.80
13.50,25.00,880.00,1000.00,6.00,6.00,1.00,0.00,1.20
12.00,12.00,833.33,833.33,6.00,6.00,1.00,0.00,0.80
36.00,36.00,777.78,777.78,6.00,6.00,1.00,0.00,0.80
63.00,63.00,777.78,777.78,6.00,6.00,1.00,0.00,0.80
3.00,3.00,666.67,666.67,6.00,6.00,1.00,0.00,0.80
63.00,63.00,777.78,777.78,6.00,6.00,1.00,0.00,0.80
28.50,45.00,805.56,833.33,6.00,6.00,1.00,0.00,1.20
14.00,14.00,785.71,785.71,6.00,6.00,1.00,0.00,0.80
34.50,53.00,802.48,812.50,6.00,6.00,1.00,0.00,1.20
5.00,8.00,875.00,1000.00,6.00,6.00,1.00,0.00,1.20
17.00,18.00,795.14,812.50,6.00,6.00,1.00,0.00,1.20
8.50,9.00,763.89,777.78,6.00,6.00,1.00,0.00,1.20
6.00,6.00,666.67,666.67,6.00,6.00,1.00,0.00,0.80
31.00,31.00,774.19,774.19,6.00,6.00,1.00,0.00,0.80
24.50,33.00,768.94,787.88,6.00,6.00,1.00,0.00,1.20
16.00,16.00,750.00,750.00,6.00,6.00,1.00,0.00,0.80
20.00,20.00,800.00,800.00,6.00,6.00,1.00,0.00,0.80
63.00,63.00,777.78,777.78,6.00,6.00,1.00,0.00,0.80
2.00,2.00,500.00,500.00,6.00,6.00,1.00,0.00,0.80
14.00,22.00,719.70,772.73,6.00,6.00,1.00,0.00,1.20
17.00,20.00,767.86,785.71,6.00,6.00,1.00,0.00,1.20
49.00,49.00,795.92,795.92,6.00,6.00,1.00,0.00,0.80
20.00,27.00,773.50,777.78,6.00,6.00,1.00,0.00,1.20
3.00,3.00,666.67,666.67,6.00,6.00,1.00,0.00,0.80
62.00,62.00,790.32,790.32,6.00,6.00,1.00,0.00,0.80
23.50,25.00,766.36,772.73,6.00,6.00,1.00,0.00,1.20
40.00,40.00,775.00,775.00,6.00,6.00,1.00,0.00,0.80
9.00,9.00,777.78,777.78,6.00,6.00,1.00,0.00,0.80
9.00,9.00,777.78,777.78,6.00,6.00,1.00,0.00,0.80
21.00,22.00,761.36,772.73,7.00,7.00,1.00,0.00,1.20
8.00,38.00,763.16,1000.00,6.00,7.00,1.00,0.00,1.60
22.00,54.00,777.78,800.00,6.00,6.00,1.00,0.00,1.60
16.50,20.00,784.62,800.00,6.00,6.00,1.00,0.00,1.20
20.00,20.00,750.00,750.00,6.00,6.00,1.00,0.00,0.80
2.00,27.00,777.78,1000.00,6.00,6.00,1.00,0.00,1.60
17.00,25.00,760.00,764.71,6.00,6.00,1.00,0.00,1.60
18.50,28.00,781.75,785.71,6.00,6.00,1.00,0.00,1.20
23.00,23.00,782.61,782.61,6.00,6.00,1.00,0.00,0.80
29.50,34.00,762.35,764.71,6.00,6.00,1.00,0.00,1.20
3.00,6.00,666.67,833.33,6.00,6.00,1.00,0.00,1.60
40.50,50.00,777.10,780.00,6.00,6.00,1.00,0.00,1.20
43.00,43.00,767.44,767.44,6.00,6.00,1.00,0.00,0.80
22.00,22.00,772.73,772.73,6.00,6.00,1.00,0.00,0.80
9.00,9.00,777.78,777.78,6.00,6.00,1.00,0.00,0.80
9.00,9.00,777.78,777.78,6.00,6.00,1.00,0.00,0.80
8.00,8.00,750.00,750.00,6.00,6.00,1.00,0.00,0.80
17.00,17.00,764.71,764.71,6.00,6.00,1.00,0.00,0.80
15.50,30.00,883.33,1000.00,6.00,6.00,1.00,0.00,1.20
13.00,17.00,771.24,777.78,6.00,6.00,1.00,0.00,1.20
26.50,32.00,771.58,781.25,6.00,6.00,1.00,0.00,1.20
25.00,30.00,758.33,766.67,6.00,6.00,1.00,0.00,1.20
35.00,63.00,817.46,857.14,6.00,6.00,1.00,0.00,1.20
4.00,4.00,750.00,750.00,6.00,6.00,1.00,0.00,0.80
31.00,31.00,774.19,774.19,6.00,6.00,1.00,0.00,0.80
11.00,11.00,818.18,818.18,6.00,6.00,1.00,0.00,0.80
37.00,63.00,752.53,777.78,6.00,6.00,1.00,0.00,1.20
56.50,63.00,778.89,780.00,6.00,6.00,1.00,0.00,1.20
11.00,11.00,818.18,818.18,6.00,6.00,1.00,0.00,0.80
23.00,23.00,782.61,782.61,6.00,6.00,1.00,0.00,0.80
63.00,63.00,777.78,777.78,6.00,6.00,1.00,0.00,0.80
63.00,63.00,777.78,777.78,6.00,6.00,1.00,0.00,0.80
23.00,23.00,782.61,782.61,6.00,6.00,1.00,0.00,0.80
4.50,8.00,875.00,1000.00,6.00,6.00,1.00,0.00,1.20
53.00,53.00,792.45,792.45,6.00,6.00,1.00,0.00,0.80
39.50,46.00,785.24,787.88,6.00,6.00,1.00,0.00,1.20
3.00,24.00,666.67,791.67,6.00,6.00,1.00,0.00,1.60
64.00,64.00,781.25,781.25,6.00,6.00,1.00,0.00,0.80
47.00,47.00,765.96,765.96,6.00,6.00,1.00,0.00,0.80
30.00,30.00,766.67,766.67,6.00,6.00,1.00,0.00,0.80
32.00,32.00,781.25,781.25,6.00,6.00,1.00,0.00,0.80
17.00,17.00,764.71,764.71,6.00,6.00,1.00,0.00,0.80
9.00,9.00,777.78,777.78,6.00,6.00,1.00,0.00,0.80
19.00,26.00,759.62,769.23,6.00,6.00,1.00,0.00,1.20
15.00,15.00,766.67,800.00,6.00,6.00,1.00,0.00,1.20
31.00,31.00,774.19,774.19,7.00,7.00,1.00,0.00,0.80
15.00,25.00,780.00,800.00,6.00,7.00,1.00,0.00,1.20
33.50,38.00,774.05,789.47,6.00,6.00,1.00,0.00,1.20
34.00,34.00,764.71,764.71,6.00,6.00,1.00,0.00,0.80
18.00,18.00,777.78,777.78,6.00,6.00,1.00,0.00,0.80
9.00,9.00,777.78,777.78,6.00,6.00,1.00,0.00,0.80
1.00,1.00,1000.00,1000.00,6.00,6.00,1.00,0.00,0.80
17.00,63.00,777.78,800.00,6.00,6.00,1.00,0.00,1.60
15.00,15.00,733.33,733.33,6.00,6.00,1.00,0.00,0.80
18.00,18.00,777.78,777.78,6.00,6.00,1.00,0.00,0.80
9.00,9.00,777.78,777.78,6.00,6.00,1.00,0.00,0.80
2.00,2.00,1000.00,1000.00,6.00,6.00,1.00,0.00,0.80
44.00,44.00,772.73,772.73,6.00,6.00,1.00,0.00,0.80
14.50,15.00,759.52,785.71,6.00,6.00,1.00,0.00,1.20
16.00,16.00,750.00,750.00,6.00,6.00,1.00,0.00,0.80
54.00,54.00,777.78,777.78,6.00,6.00,1.00,0.00,0.80
7.00,7.00,857.14,857.14,6.00,6.00,1.00,0.00,0.80
62.00,62.00,790.32,790.32,6.00,6.00,1.00,0.00,0.80
22.00,22.00,772.73,772.73,6.00,6.00,1.00,0.00,0.80
1.00,34.00,1000.00,1000.00,6.00,6.00,1.00,0.00,1.60
34.50,48.00,776.79,791.67,6.00,6.00,1.00,0.00,1.20
96.00,96.00,781.25,781.25,6.00,6.00,1.00,0.00,0.80
36.00,36.00,777.78,777.78,6.00,6.00,1.00,0.00,0.80
5.00,27.00,777.78,800.00,6.00,6.00,1.00,0.00,1.60
40.00,66.00,779.22,785.71,6.00,6.00,1.00,0.00,1.20
36.00,50.00,776.36,780.00,6.00,6.00,1.00,0.00,1.20
16.00,16.00,750.00,750.00,6.00,6.00,1.00,0.00,0.80
17.00,17.00,764.71,764.71,6.00,6.00,1.00,0.00,0.80
25.00,65.00,784.62,1000.00,6.00,6.00,1.00,0.00,1.60
62.00,62.00,774.19,790.32,6.00,6.00,1.00,0.00,1.60
10.00,10.00,700.00,700.00,6.00,6.00,1.00,0.00,0.80
74.00,74.00,783.78,783.78,6.00,6.00,1.00,0.00,0.80
35.00,35.00,771.43,771.43,6.00,6.00,1.00,0.00,0.80
48.00,66.00,769.70,772.73,6.00,7.00,1.00,0.00,1.20
32.00,83.00,781.25,783.13,6.00,6.00,1.00,0.00,1.60
22.00,34.00,797.06,800.00,6.00,6.00,1.00,0.00,1.20
14.50,19.00,744.74,789.47,6.00,6.00,1.00,0.00,1.20
8.00,8.00,750.00,750.00,6.00,6.00,1.00,0.00,0.80
42.00,49.00,783.67,795.92,6.00,6.00,1.00,0.00,1.20
9.00,9.00,777.78,777.78,6.00,6.00,1.00,0.00,0.80
24.50,25.00,755.00,760.00,6.00,6.00,1.00,0.00,1.20
25.00,38.00,760.00,789.47,6.00,6.00,1.00,0.00,1.60
4.00,24.00,729.17,800.00,6.00,6.00,1.00,0.00,2.00
20.50,24.00,778.19,791.67,6.00,6.00,1.00,0.00,1.20
24.50,31.00,775.99,777.78,6.00,6.00,1.00,0.00,1.20
23.50,30.00,765.69,766.67,6.00,6.00,1.00,0.00,1.20
24.50,27.00,775.25,777.78,6.00,6.00,1.00,0.00,1.20
9.00,9.00,777.78,777.78,6.00,6.00,1.00,0.00,0.80
37.50,62.00,779.78,790.32,6.00,6.00,1.00,0.00,1.20
30.00,30.00,766.67,766.67,6.00,6.00,1.00,0.00,0.80
25.00,25.00,800.00,800.00,6.00,6.00,1.00,0.00,0.80
27.00,49.00,797.96,800.00,6.00,6.00,1.00,0.00,1.20
45.00,45.00,777.78,777.78,6.00,6.00,1.00,0.00,0.80
26.00,26.00,769.23,769.23,6.00,6.00,1.00,0.00,0.80
12.00,12.00,750.00,750.00,6.00,6.00,1.00,0.00,0.80
24.50,26.00,775.92,782.61,6.00,6.00,1.00,0.00,1.20
5.00,63.00,777.78,800.00,6.00,6.00,1.00,0.00,1.60
5.00,5.00,800.00,800.00,6.00,6.00,1.00,0.00,0.80
17.00,17.00,764.71,764.71,6.00,6.00,1.00,0.00,0.80
39.00,39.00,769.23,769.23,6.00,6.00,1.00,0.00,0.80
55.00,84.00,777.47,785.71,6.00,6.00,1.00,0.00,1.20
40.50,46.00,777.02,782.61,6.00,6.00,1.00,0.00,1.20
63.00,63.00,777.78,777.78,6.00,6.00,1.00,0.00,0.80
11.00,11.00,727.27,727.27,6.00,6.00,1.00,0.00,0.80
14.00,14.00,714.29,714.29,6.00,6.00,1.00,0.00,0.80
17.00,17.00,764.71,764.71,6.00,6.00,1.00,0.00,0.80
24.00,24.00,750.00,750.00,6.00,6.00,1.00,0.00,0.80
32.00,32.00,781.25,781.25,7.00,7.00,1.00,0.00,0.80
17.00,17.00,764.71,764.71,6.00,6.00,1.00,0.00,0.80
62.00,62.00,790.32,790.32,6.00,6.00,1.00,0.00,0.80
37.50,63.00,763.89,777.78,6.00,6.00,1.00,0.00,1.20
23.00,23.00,782.61,782.61,6.00,6.00,1.00,0.00,0.80
24.00,24.00,750.00,750.00,6.00,6.00,1.00,0.00,0.80
27.00,27.00,777.78,777.78,6.00,6.00,1.00,0.00,0.80
19.00,19.00,789.47,789.47,6.00,6.00,1.00,0.00,0.80
34.00,34.00,794.12,794.12,6.00,6.00,1.00,0.00,0.80
27.00,27.00,777.78,777.78,6.00,6.00,1.00,0.00,0.80
21.00,21.00,809.52,809.52,6.00,6.00,1.00,0.00,0.80
20.00,20.00,750.00,750.00,6.00,6.00,1.00,0.00,0.80
25.00,43.00,752.49,790.70,6.00,6.00,1.00,0.00,1.20
13.50,14.00,777.47,785.71,6.00,6.00,1.00,0.00,1.20
10.00,10.00,800.00,800.00,6.00,6.00,1.00,0.00,0.80
48.00,48.00,770.83,770.83,6.00,6.00,1.00,0.00,0.80
39.00,64.00,783.48,785.71,6.00,6.00,1.00,0.00,1.20
49.00,49.00,775.51,775.51,6.00,6.00,1.00,0.00,0.80
24.00,24.00,750.00,750.00,6.00,6.00,1.00,0.00,0.80
31.50,34.00,793.61,794.12,6.00,6.00,1.00,0.00,1.20
7.00,7.00,714.29,714.29,6.00,6.00,1.00,0.00,0.80
23.50,34.00,766.97,769.23,6.00,6.00,1.00,0.00,1.20
22.00,22.00,772.73,772.73,6.00,6.00,1.00,0.00,0.80
16.00,16.00,750.00,750.00,6.00,6.00,1.00,0.00,0.80
68.00,68.00,779.41,779.41,6.00,6.00,1.00,0.00,0.80
38.00,41.00,775.96,780.49,6.00,6.00,1.00,0.00,1.20
18.00,18.00,777.78,777.78,6.00,6.00,1.00,0.00,0.80
13.00,13.00,769.23,769.23,6.00,6.00,1.00,0.00,0.80
3.00,3.00,666.67,666.67,6.00,6.00,1.00,0.00,0.80
15.00,15.00,800.00,800.00,6.00,6.00,1.00,0.00,0.80
22.00,22.00,772.73,772.73,7.00,7.00,1.00,0.00,0.80
67.00,67.00,776.12,776.12,7.00,7.00,1.00,0.00,0.80
38.00,38.00,789.47,789.47,6.00,6.00,1.00,0.00,0.80
41.00,41.00,780.49,780.49,6.00,6.00,1.00,0.00,0.80
25.00,39.00,748.25,769.23,6.00,6.00,1.00,0.00,1.20
10.00,10.00,800.00,800.00,6.00,6.00,1.00,0.00,0.80
63.00,63.00,777.78,777.78,6.00,6.00,1.00,0.00,0.80
33.00,33.00,787.88,787.88,6.00,6.00,1.00,0.00,0.80
8.00,8.00,750.00,750.00,6.00,6.00,1.00,0.00,0.80
62.00,62.00,774.19,774.19,6.00,6.00,1.00,0.00,0.80
17.00,18.00,795.14,812.50,6.00,6.00,1.00,0.00,1.20
38.00,65.00,755.94,784.62,6.00,6.00,1.00,0.00,1.20
24.50,40.00,776.39,777.78,6.00,6.00,1.00,0.00,1.20
7.00,10.00,725.00,750.00,6.00,6.00,1.00,0.00,1.20
27.50,39.00,772.44,794.87,6.00,6.00,1.00,0.00,1.20
20.00,21.00,773.18,809.52,6.00,6.00,1.00,0.00,1.20
12.50,13.00,759.62,769.23,6.00,6.00,1.00,0.00,1.20
40.50,63.00,777.78,777.78,6.00,6.00,1.00,0.00,1.20
30.00,31.00,783.65,793.10,6.00,6.00,1.00,0.00,1.20
8.00,11.00,809.09,818.18,6.00,6.00,1.00,0.00,1.20
19.00,19.00,789.47,789.47,6.00,6.00,1.00,0.00,0.80
6.00,6.00,666.67,666.67,6.00,6.00,1.00,0.00,0.80
13.00,13.00,769.23,769.23,6.00,6.00,1.00,0.00,0.80
16.00,16.00,750.00,750.00,6.00,6.00,1.00,0.00,0.80
6.00,6.00,833.33,833.33,6.00,6.00,1.00,0.00,0.80
35.00,35.00,785.71,800.00,6.00,6.00,1.00,0.00,1.20
63.00,63.00,777.78,777.78,6.00,6.00,1.00,0.00,1.20
14.00,14.00,714.29,714.29,6.00,6.00,1.00,0.00,0.80
5.00,5.00,800.00,800.00,6.00,6.00,1.00,0.00,0.80
18.00,18.00,777.78,777.78,6.00,6.00,1.00,0.00,0.80
26.00,36.00,795.14,812.50,6.00,6.00,1.00,0.00,1.20
17.00,21.00,765.57,769.23,6.00,6.00,1.00,0.00,1.20
13.00,41.00,776.61,1000.00,6.00,7.00,1.00,0.00,2.00
27.00,27.00,777.78,777.78,7.00,7.00,1.00,0.00,0.80
14.00,14.00,785.71,785.71,6.00,6.00,1.00,0.00,0.80
5.00,5.00,800.00,800.00,6.00,6.00,1.00,0.00,0.80
62.00,62.00,790.32,790.32,6.00,6.00,1.00,0.00,0.80
6.50,7.00,845.24,857.14,6.00,6.00,1.00,0.00,1.20
45.00,78.00,766.03,782.05,6.00,6.00,1.00,0.00,1.20
36.00,63.00,777.78,812.50,6.00,6.00,1.00,0.00,1.60
13.00,46.00,769.23,782.61,6.00,6.00,1.00,0.00,1.60
