1403.00,1487.00,431.89,432.13,7.00,7.00,0.00,0.80,1.00
1918.50,2115.00,431.77,431.90,6.00,6.00,0.00,0.80,1.00
1748.00,1769.00,431.77,432.02,6.00,7.00,0.00,0.80,1.00
1903.00,2001.00,431.81,432.05,7.00,7.00,0.00,0.80,1.00
1926.00,2004.00,431.67,431.92,6.00,6.00,0.00,0.80,1.00
1839.50,1912.00,431.91,432.01,7.00,7.00,0.00,0.80,1.00
1764.00,1811.00,431.78,432.19,6.00,6.00,0.00,0.80,1.00
1892.50,2033.00,431.80,431.87,7.00,7.00,0.00,0.80,1.00
2036.00,2081.00,431.77,432.00,6.00,6.00,0.00,0.80,1.00
1897.00,1935.00,431.84,432.03,7.00,7.00,0.00,0.80,1.00
1849.50,1931.00,431.82,431.90,7.00,7.00,0.00,0.80,1.00
2004.00,2071.00,431.70,432.05,6.00,6.00,0.00,0.80,1.00
1945.50,2031.00,431.87,432.04,7.00,7.00,0.00,0.80,1.00
1951.50,2153.00,431.95,432.00,7.00,7.00,0.00,0.80,1.00
1979.50,2078.00,431.78,432.07,6.00,6.00,0.00,0.80,1.00
1919.50,1987.00,431.79,432.00,7.00,7.00,0.00,0.80,1.00
2071.00,2215.00,432.05,432.08,7.00,7.00,0.00,0.80,1.00
1861.00,1879.00,431.82,432.13,7.00,7.00,0.00,0.80,1.00
1855.00,1912.00,431.90,432.01,6.00,7.00,0.00,0.80,1.00
1860.50,1931.00,431.85,431.94,7.00,7.00,0.00,0.80,1.00
1888.00,1918.00,431.84,432.09,6.00,6.00,0.00,0.80,1.00
1886.00,1928.00,431.92,432.05,7.00,7.00,0.00,0.80,1.00
1878.50,1933.00,431.89,431.97,6.00,6.00,0.00,0.80,1.00
1878.50,1929.00,431.73,431.83,6.00,6.00,0.00,0.80,1.00
1873.00,1896.00,431.95,431.99,7.00,7.00,0.00,0.80,1.00
1752.50,1820.00,431.73,431.91,6.00,6.00,0.00,0.80,1.00
1877.50,1910.00,431.84,431.95,7.00,7.00,0.00,0.80,1.00
1879.00,1934.00,431.76,432.03,6.00,7.00,0.00,0.80,1.00
1875.00,1891.00,431.76,432.05,7.00,7.00,0.00,0.80,1.00
1853.50,1883.00,431.89,431.99,6.00,7.00,0.00,0.80,1.00
1931.00,2028.00,431.70,431.95,6.00,6.00,0.00,0.80,1.00
1854.50,1905.00,431.89,432.10,7.00,7.00,0.00,0.80,1.00
1715.50,1760.00,431.65,431.82,6.00,6.00,0.00,0.80,1.00
2023.00,2028.00,431.96,432.06,7.00,7.00,0.00,0.80,1.00
1868.00,1956.00,431.98,432.07,6.00,7.00,0.00,0.80,1.00
1871.50,1891.00,431.93,432.05,7.00,7.00,0.00,0.80,1.00
1857.50,1918.00,431.81,431.94,6.00,6.00,0.00,0.80,1.00
1732.50,1827.00,431.88,431.94,7.00,7.00,0.00,0.80,1.00
1879.50,1919.00,431.88,432.00,6.00,6.00,0.00,0.80,1.00
1924.00,1988.00,431.70,432.09,7.00,7.00,0.00,0.80,1.00
1847.00,1917.00,431.91,432.13,6.00,6.00,0.00,0.80,1.00
1870.00,1890.00,431.82,432.13,6.00,7.00,0.00,0.80,1.00
1861.50,1869.00,431.78,431.81,7.00,7.00,0.00,0.80,1.00
1755.50,1774.00,431.79,431.79,6.00,6.00,0.00,0.80,1.00
2062.00,2179.00,431.79,432.10,7.00,7.00,0.00,0.80,1.00
2008.50,2160.00,431.91,431.96,7.00,7.00,0.00,0.80,1.00
1927.00,1943.00,431.86,431.99,7.00,7.00,0.00,0.80,1.00
1877.00,1912.00,431.80,432.01,6.00,6.00,0.00,0.80,1.00
1889.00,2006.00,431.97,432.04,7.00,7.00,0.00,0.80,1.00
2007.50,2105.00,431.82,432.10,7.00,7.00,0.00,0.80,1.00
1945.00,1994.00,431.81,432.09,6.00,7.00,0.00,0.80,1.00
2006.50,2242.00,431.72,432.01,7.00,7.00,0.00,0.80,1.00
1827.50,1932.00,431.81,432.14,7.00,7.00,0.00,0.80,1.00
1899.50,1964.00,431.76,432.12,6.00,7.00,0.00,0.80,1.00
2033.50,2105.00,431.83,431.94,7.00,7.00,0.00,0.80,1.00
1708.00,1826.00,431.83,432.10,6.00,7.00,0.00,0.80,1.00
1910.50,1942.00,431.92,432.03,7.00,7.00,0.00,0.80,1.00
1870.50,1936.00,431.92,432.03,6.00,6.00,0.00,0.80,1.00
2030.00,2146.00,431.78,431.97,7.00,7.00,0.00,0.80,1.00
1875.50,1964.00,431.79,431.97,7.00,7.00,0.00,0.80,1.00
1873.50,1915.00,431.84,431.94,6.00,6.00,0.00,0.80,1.00
1857.00,1915.00,431.88,431.98,7.00,7.00,0.00,0.80,1.00
1886.00,1895.00,431.71,431.97,6.00,6.00,0.00,0.80,1.00
1860.50,1924.00,431.93,431.97,7.00,7.00,0.00,0.80,1.00
1831.00,1868.00,431.97,432.09,6.00,6.00,0.00,0.80,1.00
1869.00,1911.00,431.70,431.94,7.00,7.00,0.00,0.80,1.00
1894.50,1933.00,431.83,431.97,6.00,6.00,0.00,0.80,1.00
1875.50,1908.00,431.89,431.98,7.00,7.00,0.00,0.80,1.00
1877.00,1927.00,431.84,431.95,6.00,6.00,0.00,0.80,1.00
1878.00,1953.00,431.66,432.01,7.00,7.00,0.00,0.80,1.00
1875.50,1882.00,431.88,431.99,6.00,6.00,0.00,0.80,1.00
1836.00,1886.00,431.90,432.13,7.00,7.00,0.00,0.80,1.00
1894.50,1913.00,431.75,431.89,6.50,7.00,0.00,0.80,1.00
1882.00,1911.00,431.76,432.02,6.50,7.00,0.00,0.80,1.00
1903.50,1906.00,431.81,431.95,7.00,7.00,0.00,0.80,1.00
1897.50,2010.00,431.88,431.98,6.00,7.00,0.00,0.80,1.00
1861.00,1871.00,431.86,432.19,7.00,7.00,0.00,0.80,1.00
1851.50,1863.00,431.80,431.82,6.00,7.00,0.00,0.80,1.00
1888.00,1898.00,431.94,432.03,6.00,6.00,0.00,0.80,1.00
2003.50,2079.00,431.78,431.94,7.00,7.00,0.00,0.80,1.00
1928.50,2069.00,431.73,432.09,7.00,7.00,0.00,0.80,1.00
1894.50,1985.00,431.70,431.89,6.50,7.00,0.00,0.80,1.00
1943.00,1986.00,432.01,432.06,6.50,7.00,0.00,0.80,1.00
1865.50,1927.00,431.82,431.94,6.50,7.00,0.00,0.80,1.00
1877.00,1892.00,431.86,432.00,6.50,7.00,0.00,0.80,1.00
1852.00,1878.00,431.79,431.92,7.00,7.00,0.00,0.80,1.00
2019.50,2099.00,431.82,432.11,6.00,6.00,0.00,0.80,1.00
1695.00,1870.00,432.10,432.19,7.00,7.00,0.00,0.80,1.00
1855.50,1933.00,431.69,431.97,6.00,6.00,0.00,0.80,1.00
1908.00,1956.00,431.94,432.03,7.00,7.00,0.00,0.80,1.00
1892.50,1969.00,431.90,432.03,6.00,6.00,0.00,0.80,1.00
1918.50,1946.00,431.70,431.97,7.00,7.00,0.00,0.80,1.00
1850.00,1903.00,432.05,432.18,6.00,7.00,0.00,0.80,1.00
1896.00,1943.00,431.75,431.81,7.00,7.00,0.00,0.80,1.00
1871.00,1937.00,431.60,431.74,6.00,6.00,0.00,0.80,1.00
1871.00,1961.00,431.89,431.95,7.00,7.00,0.00,0.80,1.00
1854.00,1916.00,431.77,432.15,6.00,6.00,0.00,0.80,1.00
1918.00,1945.00,431.89,432.07,7.00,7.00,0.00,0.80,1.00
1882.50,1976.00,431.86,431.92,6.00,7.00,0.00,0.80,1.00
1858.50,1980.00,431.83,431.98,7.00,7.00,0.00,0.80,1.00
1873.50,1891.00,431.98,432.17,6.00,6.00,0.00,0.80,1.00
1878.00,1944.00,431.84,432.05,7.00,7.00,0.00,0.80,1.00
1850.00,1962.00,431.77,431.97,6.00,6.00,0.00,0.80,1.00
1918.00,1930.00,431.95,432.15,7.00,7.00,0.00,0.80,1.00
1872.00,1888.00,431.68,432.07,6.00,6.00,0.00,0.80,1.00
1898.50,1929.00,431.79,432.08,7.00,7.00,0.00,0.80,1.00
1864.50,1930.00,431.89,432.12,6.00,6.00,0.00,0.80,1.00
1844.00,1943.00,431.80,432.09,7.00,7.00,0.00,0.80,1.00
1878.00,2002.00,431.82,431.99,6.00,6.00,0.00,0.80,1.00
1858.50,1931.00,431.92,432.13,7.00,7.00,0.00,0.80,1.00
1868.00,1908.00,431.87,432.09,6.00,6.00,0.00,0.80,1.00
1815.50,1877.00,431.88,432.07,7.00,7.00,0.00,0.80,1.00
1891.50,1907.00,432.03,432.16,6.00,6.00,0.00,0.80,1.00
1833.00,1861.00,432.02,432.03,7.00,7.00,0.00,0.80,1.00
1859.50,1887.00,431.93,432.00,6.00,6.00,0.00,0.80,1.00
1855.00,1885.00,431.85,431.92,7.00,7.00,0.00,0.80,1.00
1867.50,1885.00,431.84,432.03,6.00,6.00,0.00,0.80,1.00
1888.00,1913.00,431.81,432.05,7.00,7.00,0.00,0.80,1.00
1844.00,1924.00,431.96,432.19,6.00,6.00,0.00,0.80,1.00
1854.00,1918.00,431.77,431.89,7.00,7.00,0.00,0.80,1.00
1919.00,1940.00,431.94,431.98,6.00,6.00,0.00,0.80,1.00
1876.00,1959.00,431.84,432.11,7.00,7.00,0.00,0.80,1.00
1880.00,1970.00,431.65,431.98,6.00,6.00,0.00,0.80,1.00
1908.50,1933.00,431.81,431.97,7.00,7.00,0.00,0.80,1.00
1852.00,1878.00,431.74,431.84,6.00,6.00,0.00,0.80,1.00
1855.00,1905.00,431.94,432.02,7.00,7.00,0.00,0.80,1.00
1872.50,1957.00,431.71,431.92,6.00,6.00,0.00,0.80,1.00
1899.50,1923.00,431.90,432.01,7.00,7.00,0.00,0.80,1.00
1889.00,1922.00,431.89,432.01,6.00,6.00,0.00,0.80,1.00
1833.50,1886.00,431.84,432.05,7.00,7.00,0.00,0.80,1.00
1851.00,1902.00,432.01,432.18,6.00,6.00,0.00,0.80,1.00
1995.00,2058.00,431.95,431.97,7.00,7.00,0.00,0.80,1.00
1850.00,1909.00,431.84,431.97,7.00,7.00,0.00,0.80,1.00
1864.00,1942.00,431.85,432.08,6.00,7.00,0.00,0.80,1.00
1848.00,1969.00,431.79,431.83,7.00,7.00,0.00,0.80,1.00
1820.50,1833.00,431.97,432.13,6.00,6.00,0.00,0.80,1.00
1874.00,1956.00,431.96,432.00,7.00,7.00,0.00,0.80,1.00
1856.00,1912.00,431.64,431.93,6.00,6.00,0.00,0.80,1.00
1842.50,1866.00,431.94,432.11,7.00,7.00,0.00,0.80,1.00
2018.50,2068.00,431.79,432.06,7.00,7.00,0.00,0.80,1.00
2035.00,2118.00,431.78,432.01,7.00,7.00,0.00,0.80,1.00
1867.00,1900.00,431.84,432.15,6.00,7.00,0.00,0.80,1.00
1885.00,1966.00,431.76,432.03,7.00,7.00,0.00,0.80,1.00
1868.50,1895.00,431.76,431.93,6.00,6.00,0.00,0.80,1.00
1867.00,1932.00,431.77,432.09,7.00,7.00,0.00,0.80,1.00
1846.00,1926.00,431.95,432.11,6.00,6.00,0.00,0.80,1.00
1860.50,1921.00,431.92,432.07,7.00,7.00,0.00,0.80,1.00
1867.50,1912.00,431.86,432.01,6.00,7.00,0.00,0.80,1.00
2074.50,2123.00,431.94,432.00,7.00,7.00,0.00,0.80,1.00
1849.50,1913.00,431.70,431.85,7.00,7.00,0.00,0.80,1.00
1832.00,1875.00,432.00,432.08,6.00,6.00,0.00,0.80,1.00
1841.00,1940.00,431.76,432.04,7.00,7.00,0.00,0.80,1.00
1939.50,1961.00,431.80,431.96,6.50,7.00,0.00,0.80,1.00
1935.50,1957.00,431.93,432.01,6.50,7.00,0.00,0.80,1.00
2047.50,2074.00,431.78,432.03,7.00,7.00,0.00,0.80,1.00
1903.50,1924.00,431.88,431.99,6.00,6.00,0.00,0.80,1.00
1895.50,1927.00,431.81,431.97,7.00,7.00,0.00,0.80,1.00
1871.00,1922.00,431.64,431.84,6.00,6.00,0.00,0.80,1.00
1886.50,1953.00,431.70,431.83,7.00,7.00,0.00,0.80,1.00
1859.00,1923.00,431.71,432.14,7.00,7.00,0.00,0.80,1.00
2061.50,2126.00,431.74,431.81,6.00,6.00,0.00,0.80,1.00
1860.50,1905.00,431.95,432.02,7.00,7.00,0.00,0.80,1.00
1873.00,1902.00,431.70,432.11,6.00,6.00,0.00,0.80,1.00
1899.00,1916.00,431.81,432.00,7.00,7.00,0.00,0.80,1.00
1932.00,1967.00,431.90,431.98,7.00,7.00,0.00,0.80,1.00
2010.00,2136.00,431.84,431.94,6.00,6.00,0.00,0.80,1.00
1898.00,1984.00,431.92,432.03,7.00,7.00,0.00,0.80,1.00
1895.00,1955.00,431.79,431.98,7.00,7.00,0.00,0.80,1.00
1855.00,1937.00,431.74,431.89,6.00,6.00,0.00,0.80,1.00
2005.50,2039.00,431.94,432.07,7.00,7.00,0.00,0.80,1.00
1898.50,1933.00,431.70,431.97,6.00,6.00,0.00,0.80,1.00
1909.00,1953.00,431.90,432.16,7.00,7.00,0.00,0.80,1.00
1904.00,1941.00,431.67,431.83,6.00,6.00,0.00,0.80,1.00
1904.00,1943.00,431.88,432.02,7.00,7.00,0.00,0.80,1.00
1975.00,2026.00,431.90,432.05,7.00,7.00,0.00,0.80,1.00
1826.00,1881.00,431.81,431.82,6.00,6.00,0.00,0.80,1.00
1876.00,1934.00,431.72,431.97,7.00,7.00,0.00,0.80,1.00
1891.50,1964.00,431.90,432.02,6.00,7.00,0.00,0.80,1.00
1867.00,1887.00,431.88,432.10,7.00,7.00,0.00,0.80,1.00
1863.50,1875.00,431.95,432.10,6.00,6.00,0.00,0.80,1.00
1874.00,1908.00,431.90,432.00,7.00,7.00,0.00,0.80,1.00
1873.50,2047.00,431.79,431.89,7.00,7.00,0.00,0.80,1.00
2026.00,2093.00,431.83,432.06,6.00,6.00,0.00,0.80,1.00
1830.50,1903.00,431.81,432.03,7.00,7.00,0.00,0.80,1.00
1895.00,2002.00,431.83,431.95,7.00,7.00,0.00,0.80,1.00
1890.50,1937.00,432.00,432.11,6.00,6.00,0.00,0.80,1.00
1916.00,1952.00,431.80,432.13,7.00,7.00,0.00,0.80,1.00
2029.50,2109.00,431.97,432.03,6.00,6.00,0.00,0.80,1.00
1864.00,1919.00,432.01,432.10,7.00,7.00,0.00,0.80,1.00
1869.50,1898.00,431.80,432.03,7.00,7.00,0.00,0.80,1.00
2033.50,2097.00,431.98,432.05,6.00,6.00,0.00,0.80,1.00
1702.00,1751.00,431.69,431.98,7.00,7.00,0.00,0.80,1.00
2013.00,2051.00,431.94,431.98,6.00,6.00,0.00,0.80,1.00
1855.00,1886.00,431.64,431.93,7.00,7.00,0.00,0.80,1.00
1900.00,1921.00,431.67,432.07,6.50,7.00,0.00,0.80,1.00
1872.50,1918.00,431.78,431.87,6.50,7.00,0.00,0.80,1.00
2062.50,2093.00,431.80,431.92,7.00,7.00,0.00,0.80,1.00
1859.50,1940.00,431.81,432.00,6.00,6.00,0.00,0.80,1.00
1908.00,1953.00,431.77,432.16,7.00,7.00,0.00,0.80,1.00
1893.00,1945.00,431.79,432.00,6.00,6.00,0.00,0.80,1.00
1876.00,1925.00,431.83,432.10,7.00,7.00,0.00,0.80,1.00
1905.50,1931.00,431.87,431.97,7.00,7.00,0.00,0.80,1.00
1886.00,1962.00,431.87,432.09,6.00,6.00,0.00,0.80,1.00
1857.00,2025.00,431.75,431.93,7.00,7.00,0.00,0.80,1.00
2048.00,2076.00,431.88,432.08,6.00,6.00,0.00,0.80,1.00
1712.00,1763.00,431.80,431.95,7.00,7.00,0.00,0.80,1.00
1847.50,1948.00,431.78,432.04,6.00,6.00,0.00,0.80,1.00
2027.00,2144.00,431.85,432.03,7.00,7.00,0.00,0.80,1.00
1897.50,1911.00,431.75,431.97,6.00,7.00,0.00,0.80,1.00
1847.50,1924.00,431.82,432.07,7.00,7.00,0.00,0.80,1.00
1885.50,1972.00,431.75,432.07,7.00,7.00,0.00,0.80,1.00
1916.50,1971.00,431.73,431.85,6.00,6.00,0.00,0.80,1.00
1876.00,1915.00,431.82,431.87,7.00,7.00,0.00,0.80,1.00
1839.00,1910.00,431.85,431.98,6.00,6.00,0.00,0.80,1.00
1905.50,1967.00,432.03,432.13,7.00,7.00,0.00,0.80,1.00
2075.00,2122.00,431.96,432.14,6.50,7.00,0.00,0.80,1.00
1876.50,1946.00,431.68,431.98,6.50,7.00,0.00,0.80,1.00
1958.50,2020.00,431.67,431.80,7.00,7.00,0.00,0.80,1.00
1877.50,1963.00,431.70,431.99,6.00,6.00,0.00,0.80,1.00
1903.00,2001.00,431.86,432.00,7.00,7.00,0.00,0.80,1.00
1859.00,1925.00,431.95,432.16,6.00,6.00,0.00,0.80,1.00
1986.50,2043.00,431.77,432.00,7.00,7.00,0.00,0.80,1.00
1847.50,1910.00,431.79,431.94,7.00,7.00,0.00,0.80,1.00
1849.50,1922.00,431.88,432.00,6.00,6.00,0.00,0.80,1.00
1880.50,1945.00,431.86,431.88,7.00,7.00,0.00,0.80,1.00
1931.00,1983.00,431.78,431.90,6.00,6.00,0.00,0.80,1.00
2066.50,2141.00,431.65,431.88,7.00,7.00,0.00,0.80,1.00
1805.50,1927.00,431.93,432.09,7.00,7.00,0.00,0.80,1.00
1869.50,2010.00,431.85,431.89,6.00,6.00,0.00,0.80,1.00
1871.50,1901.00,431.83,431.90,7.00,7.00,0.00,0.80,1.00
1867.50,1893.00,431.59,432.12,6.00,6.00,0.00,0.80,1.00
1859.00,1914.00,431.95,432.08,7.00,7.00,0.00,0.80,1.00
1916.00,1937.00,431.66,431.76,6.00,6.00,0.00,0.80,1.00
1918.00,1933.00,431.92,432.08,7.00,7.00,0.00,0.80,1.00
1874.50,1897.00,431.73,431.97,6.00,6.00,0.00,0.80,1.00
1808.50,1956.00,431.84,432.03,7.00,7.00,0.00,0.80,1.00
1886.00,1932.00,431.87,432.00,6.50,7.00,0.00,0.80,1.00
2045.00,2059.00,431.95,432.15,6.50,7.00,0.00,0.80,1.00
1844.50,1919.00,431.96,432.00,7.00,7.00,0.00,0.80,1.00
1893.50,1917.00,431.89,432.15,6.00,6.00,0.00,0.80,1.00
1841.00,1855.00,431.77,431.93,7.00,7.00,0.00,0.80,1.00
1865.50,1953.00,431.85,432.16,6.00,6.00,0.00,0.80,1.00
1910.50,1967.00,431.98,432.13,7.00,7.00,0.00,0.80,1.00
1887.00,1910.00,431.92,431.97,6.00,6.00,0.00,0.80,1.00
1871.50,1920.00,431.87,432.04,7.00,7.00,0.00,0.80,1.00
1892.50,1925.00,431.76,432.11,6.00,6.00,0.00,0.80,1.00
1716.50,1791.00,431.87,432.06,7.00,7.00,0.00,0.80,1.00
1864.50,1907.00,432.02,432.09,6.00,6.00,0.00,0.80,1.00
1832.50,1975.00,431.76,431.90,6.00,6.00,0.00,0.80,1.00
1872.00,1898.00,431.96,432.03,7.00,7.00,0.00,0.80,1.00
1871.50,1888.00,431.94,432.13,6.00,6.00,0.00,0.80,1.00
1688.50,1749.00,431.97,432.19,7.00,7.00,0.00,0.80,1.00
1908.00,1939.00,431.87,432.17,6.00,6.00,0.00,0.80,1.00
1836.50,1881.00,431.86,432.08,7.00,7.00,0.00,0.80,1.00
1863.00,1920.00,431.83,432.03,6.00,7.00,0.00,0.80,1.00
1830.50,1917.00,431.91,431.94,6.00,6.00,0.00,0.80,1.00
1721.00,1813.00,431.82,431.94,7.00,7.00,0.00,0.80,1.00
1830.50,1872.00,431.85,432.16,6.00,6.00,0.00,0.80,1.00
1854.00,1972.00,431.53,431.97,6.00,6.00,0.00,0.80,1.00
1874.00,1948.00,431.72,431.90,7.00,7.00,0.00,0.80,1.00
1726.50,1756.00,431.75,431.88,6.00,6.00,0.00,0.80,1.00
1853.50,1927.00,431.89,432.15,6.00,7.00,0.00,0.80,1.00
1846.00,1901.00,431.92,432.09,7.00,7.00,0.00,0.80,1.00
1907.50,1941.00,431.77,431.82,6.00,6.00,0.00,0.80,1.00
1780.50,1830.00,431.90,432.06,7.00,7.00,0.00,0.80,1.00
1872.50,2029.00,431.73,431.87,6.00,6.00,0.00,0.80,1.00
1895.50,1912.00,431.96,432.11,7.00,7.00,0.00,0.80,1.00
1887.00,1924.00,431.85,432.07,6.00,6.00,0.00,0.80,1.00
1849.00,1965.00,431.79,431.93,7.00,7.00,0.00,0.80,1.00
1838.00,1878.00,431.82,431.92,6.00,7.00,0.00,0.80,1.00
1820.00,1898.00,431.87,432.03,6.00,6.00,0.00,0.80,1.00
1888.50,1992.00,431.83,432.02,7.00,7.00,0.00,0.80,1.00
1948.50,1954.00,431.85,432.09,6.00,6.00,0.00,0.80,1.00
1864.00,1952.00,431.88,431.91,7.00,7.00,0.00,0.80,1.00
1713.00,1796.00,432.04,432.18,6.00,6.00,0.00,0.80,1.00
2021.00,2064.00,431.96,432.09,7.00,7.00,0.00,0.80,1.00
1683.00,1763.00,431.76,432.06,6.00,6.00,0.00,0.80,1.00
1903.50,1979.00,432.06,432.09,7.00,7.00,0.00,0.80,1.00
1802.00,1992.00,431.99,432.08,6.00,6.00,0.00,0.80,1.00
1878.00,1953.00,431.65,431.69,7.00,7.00,0.00,0.80,1.00
1882.50,1905.00,431.91,432.02,6.00,6.00,0.00,0.80,1.00
1869.50,1990.00,431.87,432.16,6.00,6.00,0.00,0.80,1.00
1925.50,1951.00,431.84,432.13,7.00,7.00,0.00,0.80,1.00
1938.50,1998.00,431.89,431.93,6.00,6.00,0.00,0.80,1.00
1834.50,1897.00,431.80,431.89,7.00,7.00,0.00,0.80,1.00
1710.50,1829.00,431.75,431.93,6.00,6.00,0.00,0.80,1.00
1866.50,1955.00,431.82,432.07,7.00,7.00,0.00,0.80,1.00
1864.00,1938.00,431.87,431.89,6.00,6.00,0.00,0.80,1.00
1863.50,1910.00,431.71,431.94,7.00,7.00,0.00,0.80,1.00
1848.50,1920.00,431.77,431.82,6.00,6.00,0.00,0.80,1.00
1828.00,1919.00,431.81,432.14,6.00,6.00,0.00,0.80,1.00
1719.00,1788.00,431.82,432.05,7.00,7.00,0.00,0.80,1.00
1875.50,1899.00,431.77,432.04,6.00,6.00,0.00,0.80,1.00
1867.50,1976.00,431.76,432.11,7.00,7.00,0.00,0.80,1.00
1889.50,1926.00,431.87,431.98,6.00,6.00,0.00,0.80,1.00
1870.50,1896.00,431.77,431.96,6.00,6.00,0.00,0.80,1.00
1741.00,1775.00,431.94,432.11,7.00,7.00,0.00,0.80,1.00
1855.50,2082.00,431.76,432.09,6.00,6.00,0.00,0.80,1.00
1861.50,1894.00,431.79,431.94,7.00,7.00,0.00,0.80,1.00
1856.50,1934.00,431.73,431.85,6.00,6.00,0.00,0.80,1.00
1833.50,1872.00,431.79,431.97,7.00,7.00,0.00,0.80,1.00
1893.50,1998.00,431.74,431.93,6.00,6.00,0.00,0.80,1.00
1896.00,1952.00,431.83,431.90,7.00,7.00,0.00,0.80,1.00
1871.50,1942.00,431.74,432.00,6.00,6.00,0.00,0.80,1.00
1715.50,1842.00,431.78,432.14,6.00,6.00,0.00,0.80,1.00
1838.50,1945.00,431.75,432.03,7.00,7.00,0.00,0.80,1.00
1887.50,1938.00,431.87,431.99,6.00,6.00,0.00,0.80,1.00
1918.50,1953.00,431.81,432.00,7.00,7.00,0.00,0.80,1.00
1856.00,1895.00,431.82,431.88,6.00,6.00,0.00,0.80,1.00
1843.50,1933.00,431.90,431.97,7.00,7.00,0.00,0.80,1.00
1883.50,1902.00,431.74,432.07,6.00,6.00,0.00,0.80,1.00
1698.00,1802.00,431.79,432.11,6.00,6.00,0.00,0.80,1.00
1888.00,1944.00,431.67,432.00,7.00,7.00,0.00,0.80,1.00
1918.00,1948.00,431.73,431.83,6.00,6.00,0.00,0.80,1.00
1933.50,1989.00,431.86,431.88,7.00,7.00,0.00,0.80,1.00
1725.00,1771.00,431.94,432.05,6.00,6.00,0.00,0.80,1.00
1870.50,1904.00,431.75,432.00,6.00,6.00,0.00,0.80,1.00
1866.00,1874.00,431.68,431.87,7.00,7.00,0.00,0.80,1.00
1941.50,1963.00,431.86,432.04,6.00,6.00,0.00,0.80,1.00
1850.50,1862.00,431.90,432.11,7.00,7.00,0.00,0.80,1.00
1739.50,1757.00,431.92,432.07,6.00,6.00,0.00,0.80,1.00
1904.50,1966.00,431.69,431.84,6.00,6.00,0.00,0.80,1.00
1879.50,1891.00,431.76,432.02,7.00,7.00,0.00,0.80,1.00
1717.00,1787.00,431.86,432.01,6.00,6.00,0.00,0.80,1.00
1888.00,1999.00,431.77,432.02,6.00,7.00,0.00,0.80,1.00
1847.00,1934.00,431.63,431.75,7.00,7.00,0.00,0.80,1.00
1868.50,1945.00,431.91,431.99,6.00,6.00,0.00,0.80,1.00
1939.50,1972.00,431.81,432.05,7.00,7.00,0.00,0.80,1.00
1873.50,1927.00,431.84,432.00,6.00,6.00,0.00,0.80,1.00
1762.50,1810.00,431.77,432.04,7.00,7.00,0.00,0.80,1.00
1873.50,1974.00,431.77,431.97,6.00,6.00,0.00,0.80,1.00
1872.50,1916.00,431.62,431.94,6.00,6.00,0.00,0.80,1.00
1844.00,1876.00,431.82,432.02,7.00,7.00,0.00,0.80,1.00
1881.00,1921.00,431.78,431.99,6.00,6.00,0.00,0.80,1.00
1733.00,1810.00,431.62,432.04,7.00,7.00,0.00,0.80,1.00
1888.00,1977.00,432.03,432.13,6.00,6.00,0.00,0.80,1.00
1885.00,1910.00,431.77,432.06,6.00,6.00,0.00,0.80,1.00
1874.50,1910.00,431.89,431.94,7.00,7.00,0.00,0.80,1.00
1891.00,1931.00,431.85,431.99,6.00,6.00,0.00,0.80,1.00
1836.00,1953.00,431.67,431.72,7.00,7.00,0.00,0.80,1.00
1951.50,1974.00,431.94,432.10,6.00,6.00,0.00,0.80,1.00
1764.50,1873.00,431.91,431.95,7.00,7.00,0.00,0.80,1.00
1883.00,1947.00,431.92,432.01,6.00,6.00,0.00,0.80,1.00
2030.00,2065.00,431.85,431.96,7.00,7.00,0.00,0.80,1.00
1942.50,1952.00,431.77,432.17,6.00,6.00,0.00,0.80,1.00
1813.50,1897.00,431.78,431.87,7.00,7.00,0.00,0.80,1.00
1844.50,1881.00,431.75,431.87,6.00,6.00,0.00,0.80,1.00
1740.50,1798.00,431.77,432.15,7.00,7.00,0.00,0.80,1.00
1873.00,1945.00,431.76,431.88,6.00,6.00,0.00,0.80,1.00
1885.50,1985.00,431.81,432.07,6.00,6.00,0.00,0.80,1.00
1852.50,1924.00,431.65,431.91,7.00,7.00,0.00,0.80,1.00
1755.50,1763.00,431.78,431.99,6.00,6.00,0.00,0.80,1.00
1879.00,1974.00,431.88,432.12,7.00,7.00,0.00,0.80,1.00
1848.50,1890.00,431.78,432.11,6.00,6.00,0.00,0.80,1.00
1864.00,1908.00,431.72,431.87,7.00,7.00,0.00,0.80,1.00
1822.50,1875.00,431.86,432.00,6.00,7.00,0.00,0.80,1.00
1868.50,1911.00,431.79,431.93,6.00,6.00,0.00,0.80,1.00
1722.50,1749.00,431.88,432.18,7.00,7.00,0.00,0.80,1.00
1876.00,1925.00,431.68,431.97,6.00,6.00,0.00,0.80,1.00
1820.50,1841.00,431.93,432.04,7.00,7.00,0.00,0.80,1.00
1918.50,1964.00,431.80,431.88,6.00,7.00,0.00,0.80,1.00
1927.50,1954.00,431.85,432.06,7.00,7.00,0.00,0.80,1.00
1896.50,1960.00,431.81,431.96,6.00,6.00,0.00,0.80,1.00
1829.50,1934.00,431.85,431.94,6.00,6.00,0.00,0.80,1.00
1758.50,1789.00,431.62,431.74,7.00,7.00,0.00,0.80,1.00
1841.00,1897.00,431.65,431.88,6.00,6.00,0.00,0.80,1.00
1872.50,1929.00,431.73,431.93,7.00,7.00,0.00,0.80,1.00
2065.50,2073.00,431.86,432.05,6.00,6.00,0.00,0.80,1.00
1749.50,1779.00,431.75,432.01,7.00,7.00,0.00,0.80,1.00
1872.00,1964.00,431.89,431.97,6.00,6.00,0.00,0.80,1.00
1837.50,1853.00,431.66,432.11,7.00,7.00,0.00,0.80,1.00
1870.00,1920.00,431.73,431.97,6.00,6.00,0.00,0.80,1.00
1874.50,1918.00,431.77,431.94,7.00,7.00,0.00,0.80,1.00
1892.00,1918.00,431.68,431.97,6.00,7.00,0.00,0.80,1.00
1673.00,1743.00,431.96,432.15,6.00,6.00,0.00,0.80,1.00
1867.00,1958.00,431.84,432.07,7.00,7.00,0.00,0.80,1.00
1876.50,1929.00,431.77,432.02,6.00,6.00,0.00,0.80,1.00
1851.00,1956.00,431.91,432.04,7.00,7.00,0.00,0.80,1.00
1750.00,1809.00,431.80,431.90,6.00,7.00,0.00,0.80,1.00
1866.50,1872.00,431.85,432.10,6.00,6.00,0.00,0.80,1.00
1851.00,1916.00,431.73,431.93,7.00,7.00,0.00,0.80,1.00
1897.50,1963.00,431.91,431.99,6.00,6.00,0.00,0.80,1.00
1869.00,1881.00,431.81,431.95,7.00,7.00,0.00,0.80,1.00
1881.00,1899.00,431.81,431.98,6.00,6.00,0.00,0.80,1.00
1849.00,1931.00,431.86,431.90,7.00,7.00,0.00,0.80,1.00
1743.00,1785.00,431.93,432.10,6.00,6.00,0.00,0.80,1.00
1877.00,1967.00,431.69,431.97,6.00,6.00,0.00,0.80,1.00
1848.00,1887.00,431.90,431.90,7.00,7.00,0.00,0.80,1.00
1850.00,1923.00,431.76,431.95,6.00,6.00,0.00,0.80,1.00
1854.50,1975.00,431.65,431.90,7.00,7.00,0.00,0.80,1.00
1878.00,1923.00,431.84,431.91,6.00,6.00,0.00,0.80,1.00
1846.00,1904.00,431.64,431.98,7.00,7.00,0.00,0.80,1.00
1824.50,1879.00,431.65,431.91,6.00,6.00,0.00,0.80,1.00
1841.00,1956.00,431.83,432.00,7.00,7.00,0.00,0.80,1.00
1853.00,1991.00,431.95,432.04,6.00,6.00,0.00,0.80,1.00
1730.50,1819.00,431.67,432.11,7.00,7.00,0.00,0.80,1.00
1884.00,1929.00,431.82,431.94,6.00,7.00,0.00,0.80,1.00
1878.50,1920.00,431.81,431.91,6.00,6.00,0.00,0.80,1.00
1832.00,1978.00,431.98,432.05,7.00,7.00,0.00,0.80,1.00
1704.00,1742.00,431.70,432.13,6.00,6.00,0.00,0.80,1.00
1870.00,1897.00,431.81,431.83,6.00,6.00,0.00,0.80,1.00
1877.00,1955.00,431.79,431.90,7.00,7.00,0.00,0.80,1.00
1921.50,1942.00,431.95,432.03,6.00,6.00,0.00,0.80,1.00
1874.00,1931.00,431.87,432.09,7.00,7.00,0.00,0.80,1.00
1726.00,1745.00,431.95,432.09,6.00,6.00,0.00,0.80,1.00
1890.00,1933.00,431.99,432.10,7.00,7.00,0.00,0.80,1.00
2026.00,2108.00,431.99,432.16,6.00,7.00,0.00,0.80,1.00
1695.00,1763.00,431.72,431.92,7.00,7.00,0.00,0.80,1.00
1861.50,1985.00,431.82,431.91,6.00,6.00,0.00,0.80,1.00
1865.00,1910.00,432.02,432.19,6.00,6.00,0.00,0.80,1.00
1889.50,1925.00,431.86,432.06,7.00,7.00,0.00,0.80,1.00
1835.50,1889.00,431.94,431.97,6.00,6.00,0.00,0.80,1.00
1892.50,1931.00,431.83,431.93,7.00,7.00,0.00,0.80,1.00
1858.00,1914.00,431.78,432.08,6.00,6.00,0.00,0.80,1.00
1721.00,1819.00,431.81,432.11,7.00,7.00,0.00,0.80,1.00
1850.50,1957.00,431.74,432.03,6.00,6.00,0.00,0.80,1.00
1986.50,2082.00,431.79,432.04,7.00,7.00,0.00,0.80,1.00
