1465.00,22874.00,432.08,432.23,7.00,7.00,0.00,0.80,1.20
2017.00,30123.00,431.83,432.00,6.00,6.00,0.00,0.80,1.20
1750.00,27801.00,431.88,432.12,7.00,7.00,0.00,0.80,1.20
1933.00,30136.00,431.89,432.17,6.00,7.00,0.00,0.80,1.20
1905.50,30144.00,431.91,431.99,6.00,6.00,0.00,0.80,1.20
1927.00,30115.00,432.00,432.02,7.00,7.00,0.00,0.80,1.20
1903.00,30132.00,431.69,432.00,6.00,6.00,0.00,0.80,1.20
1893.00,30133.00,431.84,432.02,7.00,7.00,0.00,0.80,1.20
1902.50,30122.00,431.80,431.98,6.00,6.00,0.00,0.80,1.20
1936.50,30125.00,431.79,432.00,7.00,7.00,0.00,0.80,1.20
2015.00,32440.00,431.90,432.05,7.00,7.00,0.00,0.80,1.20
1919.00,30099.00,431.93,432.14,7.00,7.00,0.00,0.80,1.20
2087.50,32423.00,431.93,432.01,6.00,6.00,0.00,0.80,1.20
1858.00,30108.00,431.92,432.01,7.00,7.00,0.00,0.80,1.20
2006.50,30088.00,431.94,432.00,6.50,7.00,0.00,0.80,1.20
1967.00,30093.00,431.88,431.99,6.50,7.00,0.00,0.80,1.20
2125.50,34719.00,432.03,432.12,7.00,7.00,0.00,0.80,1.20
1708.50,27777.00,431.96,431.98,7.00,7.00,0.00,0.80,1.20
2040.00,32387.00,431.92,431.99,6.00,6.00,0.00,0.80,1.20
1855.50,30117.00,431.89,432.00,7.00,7.00,0.00,0.80,1.20
1928.50,30099.00,431.86,432.04,6.00,6.00,0.00,0.80,1.20
1892.00,30123.00,432.02,432.11,7.00,7.00,0.00,0.80,1.20
1709.50,27783.00,431.87,431.99,6.00,6.00,0.00,0.80,1.20
1864.00,30111.00,431.86,432.02,6.50,7.00,0.00,0.80,1.20
1907.50,30125.00,431.92,432.12,6.50,7.00,0.00,0.80,1.20
1753.50,27854.00,431.86,432.13,6.00,6.00,0.00,0.80,1.20
1943.50,30119.00,431.76,431.99,7.00,7.00,0.00,0.80,1.20
1869.50,30115.00,431.77,432.01,6.00,6.00,0.00,0.80,1.20
1909.00,30123.00,431.91,432.00,7.00,7.00,0.00,0.80,1.20
1880.50,30121.00,431.96,432.11,6.00,6.00,0.00,0.80,1.20
1853.50,30156.00,431.86,432.09,6.50,7.00,0.00,0.80,1.20
1909.00,30128.00,431.94,432.03,6.50,7.00,0.00,0.80,1.20
1890.50,30126.00,432.00,432.01,6.00,6.00,0.00,0.80,1.20
1910.00,30126.00,431.68,431.99,7.00,7.00,0.00,0.80,1.20
1889.50,30113.00,432.04,432.14,6.50,7.00,0.00,0.80,1.20
1908.50,30107.00,431.75,431.99,6.50,7.00,0.00,0.80,1.20
1900.00,30128.00,431.80,432.07,6.00,7.00,0.00,0.80,1.20
1969.00,30105.00,431.90,432.00,7.00,7.00,0.00,0.80,1.20
1874.00,30117.00,431.91,432.09,6.00,6.00,0.00,0.80,1.20
1707.50,27805.00,431.70,432.01,7.00,7.00,0.00,0.80,1.20
1897.00,30109.00,431.75,432.00,6.00,6.00,0.00,0.80,1.20
1886.00,30103.00,431.73,431.98,7.00,7.00,0.00,0.80,1.20
1879.50,30118.00,431.77,432.00,6.00,7.00,0.00,0.80,1.20
1843.50,30105.00,431.84,431.99,6.50,7.00,0.00,0.80,1.20
2002.00,32137.00,431.87,431.99,7.00,7.00,0.00,0.80,1.20
1854.50,29974.00,431.85,432.13,6.50,7.00,0.00,0.80,1.20
1998.50,32321.00,432.01,432.11,7.00,7.00,0.00,0.80,1.20
1946.50,30118.00,431.89,432.00,6.00,6.00,0.00,0.80,1.20
1864.00,29921.00,431.85,432.00,7.00,7.00,0.00,0.80,1.20
1798.50,30128.00,431.75,431.99,7.00,7.00,0.00,0.80,1.20
1937.50,32418.00,431.74,431.98,7.00,7.00,0.00,0.80,1.20
1948.00,30127.00,431.73,431.97,6.00,7.00,0.00,0.80,1.20
2045.00,32435.00,431.79,431.97,7.00,7.00,0.00,0.80,1.20
1852.50,30113.00,432.03,432.13,7.00,7.00,0.00,0.80,1.20
1884.00,30129.00,432.05,432.09,6.00,6.00,0.00,0.80,1.20
1892.50,30117.00,431.85,431.98,7.00,7.00,0.00,0.80,1.20
1857.00,30118.00,431.89,432.00,6.00,6.00,0.00,0.80,1.20
1864.50,30121.00,431.78,431.99,7.00,7.00,0.00,0.80,1.20
1857.00,30125.00,431.66,432.00,6.00,6.00,0.00,0.80,1.20
1916.50,30109.00,431.77,432.00,7.00,7.00,0.00,0.80,1.20
1883.50,30117.00,431.88,432.06,6.00,6.00,0.00,0.80,1.20
1909.50,30117.00,431.98,432.12,7.00,7.00,0.00,0.80,1.20
1881.00,30113.00,431.95,432.01,6.00,6.00,0.00,0.80,1.20
1928.50,30116.00,431.93,432.03,7.00,7.00,0.00,0.80,1.20
1878.50,30074.00,431.92,432.00,6.00,6.00,0.00,0.80,1.20
1860.00,30111.00,431.84,432.00,7.00,7.00,0.00,0.80,1.20
1869.00,30123.00,432.02,432.09,6.00,6.00,0.00,0.80,1.20
1881.50,30123.00,431.80,432.00,7.00,7.00,0.00,0.80,1.20
1904.00,30111.00,432.01,432.10,6.00,6.00,0.00,0.80,1.20
1880.50,30123.00,431.86,432.00,7.00,7.00,0.00,0.80,1.20
1880.50,30128.00,431.98,432.00,6.00,6.00,0.00,0.80,1.20
2071.00,32420.00,431.84,432.13,7.00,7.00,0.00,0.80,1.20
1888.00,30128.00,431.67,431.99,7.00,7.00,0.00,0.80,1.20
1856.00,30113.00,431.85,431.97,6.00,6.00,0.00,0.80,1.20
1897.00,30109.00,431.98,432.13,7.00,7.00,0.00,0.80,1.20
1919.50,30131.00,431.88,431.98,6.00,6.00,0.00,0.80,1.20
1854.50,30106.00,431.92,431.98,7.00,7.00,0.00,0.80,1.20
1738.50,27760.00,431.87,432.06,6.00,6.00,0.00,0.80,1.20
1889.50,30122.00,431.85,432.07,6.00,7.00,0.00,0.80,1.20
2048.50,32436.00,431.78,431.99,7.00,7.00,0.00,0.80,1.20
2112.00,32436.00,431.82,431.99,7.00,7.00,0.00,0.80,1.20
1897.00,30116.00,431.75,432.00,7.00,7.00,0.00,0.80,1.20
1930.50,30107.00,431.88,431.99,6.00,6.00,0.00,0.80,1.20
1929.50,30114.00,431.92,432.00,7.00,7.00,0.00,0.80,1.20
1907.50,30109.00,431.93,432.14,6.00,6.00,0.00,0.80,1.20
1868.50,30124.00,431.91,432.03,7.00,7.00,0.00,0.80,1.20
1877.00,30120.00,431.81,432.01,6.00,6.00,0.00,0.80,1.20
1888.50,30127.00,431.87,432.01,7.00,7.00,0.00,0.80,1.20
1872.50,30138.00,431.78,431.98,6.00,6.00,0.00,0.80,1.20
1857.00,30124.00,431.83,432.08,7.00,7.00,0.00,0.80,1.20
1852.00,30107.00,431.86,432.00,6.00,6.00,0.00,0.80,1.20
1857.00,30106.00,431.88,432.01,7.00,7.00,0.00,0.80,1.20
1730.00,27757.00,431.97,432.08,6.00,6.00,0.00,0.80,1.20
2019.00,32439.00,431.93,432.02,7.00,7.00,0.00,0.80,1.20
1899.00,30120.00,431.85,432.01,6.00,6.00,0.00,0.80,1.20
1914.00,30118.00,431.85,432.00,7.00,7.00,0.00,0.80,1.20
1958.00,30119.00,431.82,431.99,6.00,6.00,0.00,0.80,1.20
1731.50,27814.00,431.96,432.20,7.00,7.00,0.00,0.80,1.20
2064.00,32428.00,431.90,432.02,6.00,6.00,0.00,0.80,1.20
1897.00,30109.00,431.88,432.17,7.00,7.00,0.00,0.80,1.20
1909.00,30109.00,431.87,432.06,6.00,6.00,0.00,0.80,1.20
1888.00,30124.00,431.84,432.05,7.00,7.00,0.00,0.80,1.20
1878.00,30109.00,431.84,432.00,6.00,6.00,0.00,0.80,1.20
1860.50,30122.00,431.89,432.01,7.00,7.00,0.00,0.80,1.20
1840.50,30128.00,432.00,432.14,6.00,6.00,0.00,0.80,1.20
1872.00,30105.00,431.89,431.99,7.00,7.00,0.00,0.80,1.20
1853.50,30105.00,431.95,431.99,6.00,6.00,0.00,0.80,1.20
1870.50,30113.00,431.89,432.15,7.00,7.00,0.00,0.80,1.20
1891.00,30113.00,431.87,431.97,6.00,6.00,0.00,0.80,1.20
1884.00,30123.00,431.90,432.11,7.00,7.00,0.00,0.80,1.20
1892.50,30120.00,431.97,432.01,6.00,6.00,0.00,0.80,1.20
1763.50,27806.00,432.01,432.12,7.00,7.00,0.00,0.80,1.20
2070.00,32445.00,431.75,431.99,6.00,6.00,0.00,0.80,1.20
1876.00,30113.00,432.00,432.14,7.00,7.00,0.00,0.80,1.20
1727.00,27798.00,431.89,432.02,6.00,6.00,0.00,0.80,1.20
2025.50,32434.00,431.88,432.07,7.00,7.00,0.00,0.80,1.20
1879.00,30113.00,431.96,432.05,6.00,6.00,0.00,0.80,1.20
1892.00,30125.00,431.89,432.00,7.00,7.00,0.00,0.80,1.20
1854.50,27797.00,431.90,432.04,6.00,6.00,0.00,0.80,1.20
1869.00,30111.00,431.95,432.17,7.00,7.00,0.00,0.80,1.20
1867.00,30134.00,431.96,432.03,6.00,6.00,0.00,0.80,1.20
2082.50,32431.00,431.69,431.99,7.00,7.00,0.00,0.80,1.20
1938.50,30114.00,431.78,431.99,6.00,6.00,0.00,0.80,1.20
1946.50,30118.00,431.80,432.00,7.00,7.00,0.00,0.80,1.20
1853.50,30153.00,431.89,432.00,6.00,6.00,0.00,0.80,1.20
1740.50,27805.00,432.01,432.16,7.00,7.00,0.00,0.80,1.20
2047.00,32432.00,431.88,432.02,6.00,6.00,0.00,0.80,1.20
1887.00,30122.00,431.72,431.98,7.00,7.00,0.00,0.80,1.20
1860.50,30118.00,431.93,432.00,6.00,6.00,0.00,0.80,1.20
1904.50,30111.00,431.89,432.00,7.00,7.00,0.00,0.80,1.20
1950.00,30109.00,431.94,432.00,7.00,7.00,0.00,0.80,1.20
1864.00,30128.00,432.06,432.14,6.00,7.00,0.00,0.80,1.20
1865.00,30114.00,431.97,432.04,7.00,7.00,0.00,0.80,1.20
1880.00,30118.00,431.84,432.08,6.00,6.00,0.00,0.80,1.20
1901.50,30134.00,431.94,432.18,7.00,7.00,0.00,0.80,1.20
1902.50,30120.00,431.80,431.97,6.00,6.00,0.00,0.80,1.20
1888.00,30115.00,431.76,431.98,7.00,7.00,0.00,0.80,1.20
1925.00,30122.00,431.83,431.98,6.00,6.00,0.00,0.80,1.20
2014.50,32444.00,431.86,432.00,7.00,7.00,0.00,0.80,1.20
1907.00,30113.00,431.83,431.97,7.00,7.00,0.00,0.80,1.20
2051.50,32479.00,431.98,432.06,7.00,7.00,0.00,0.80,1.20
1858.50,30113.00,431.79,431.99,6.00,6.00,0.00,0.80,1.20
1845.00,30113.00,431.70,432.01,7.00,7.00,0.00,0.80,1.20
1866.50,30108.00,431.84,432.01,6.00,6.00,0.00,0.80,1.20
1867.50,30114.00,431.86,431.99,7.00,7.00,0.00,0.80,1.20
2061.50,32437.00,431.87,432.01,6.00,6.00,0.00,0.80,1.20
1921.50,30121.00,431.88,432.14,7.00,7.00,0.00,0.80,1.20
1863.00,30078.00,432.00,432.03,7.00,7.00,0.00,0.80,1.20
1916.50,30125.00,431.95,432.03,6.00,6.00,0.00,0.80,1.20
1898.50,30118.00,431.89,432.02,7.00,7.00,0.00,0.80,1.20
1863.00,30127.00,431.94,432.12,6.00,6.00,0.00,0.80,1.20
1906.00,30131.00,431.92,432.09,7.00,7.00,0.00,0.80,1.20
2028.50,32441.00,432.00,432.02,7.00,7.00,0.00,0.80,1.20
1952.50,30111.00,431.89,432.03,6.00,6.00,0.00,0.80,1.20
1882.50,30102.00,431.90,432.08,7.00,7.00,0.00,0.80,1.20
1846.50,30034.00,431.90,432.00,6.00,6.00,0.00,0.80,1.20
1900.00,30098.00,431.58,431.99,7.00,7.00,0.00,0.80,1.20
2056.00,32436.00,431.83,431.99,6.50,7.00,0.00,0.80,1.20
1857.00,30108.00,431.94,432.11,6.50,7.00,0.00,0.80,1.20
1899.50,30132.00,431.84,432.00,7.00,7.00,0.00,0.80,1.20
1855.00,30102.00,431.95,432.07,6.00,6.00,0.00,0.80,1.20
1896.50,30108.00,431.85,432.01,7.00,7.00,0.00,0.80,1.20
2054.00,32401.00,431.84,431.99,7.00,7.00,0.00,0.80,1.20
1875.00,30119.00,431.77,431.99,6.00,6.00,0.00,0.80,1.20
1881.50,30102.00,431.70,432.00,7.00,7.00,0.00,0.80,1.20
1893.00,30044.00,431.95,432.00,6.00,6.00,0.00,0.80,1.20
1915.00,30112.00,431.85,431.99,7.00,7.00,0.00,0.80,1.20
2019.00,32406.00,431.90,431.99,7.00,7.00,0.00,0.80,1.20
1906.00,30122.00,431.85,431.98,6.00,6.00,0.00,0.80,1.20
1876.00,30109.00,431.95,432.00,7.00,7.00,0.00,0.80,1.20
1894.50,30129.00,432.05,432.14,6.00,6.00,0.00,0.80,1.20
1847.00,30106.00,431.96,432.16,7.00,7.00,0.00,0.80,1.20
1856.00,30108.00,431.90,431.98,7.00,7.00,0.00,0.80,1.20
2061.00,32426.00,431.86,432.00,6.00,7.00,0.00,0.80,1.20
1949.00,30123.00,431.84,432.00,7.00,7.00,0.00,0.80,1.20
1924.00,30111.00,431.96,432.11,6.00,6.00,0.00,0.80,1.20
1882.50,30113.00,431.86,432.00,7.00,7.00,0.00,0.80,1.20
1915.00,30067.00,431.85,432.00,7.00,7.00,0.00,0.80,1.20
1865.00,30117.00,431.70,431.98,6.00,7.00,0.00,0.80,1.20
1894.50,30118.00,431.86,431.97,7.00,7.00,0.00,0.80,1.20
2062.00,32442.00,431.92,432.06,6.00,7.00,0.00,0.80,1.20
1883.00,30115.00,431.93,432.17,7.00,7.00,0.00,0.80,1.20
1840.50,30065.00,431.79,432.00,6.00,6.00,0.00,0.80,1.20
1942.00,30100.00,431.81,431.99,7.00,7.00,0.00,0.80,1.20
1966.50,32446.00,431.75,431.98,7.00,7.00,0.00,0.80,1.20
1844.50,30125.00,432.03,432.13,6.00,6.00,0.00,0.80,1.20
1872.00,30140.00,431.92,431.98,7.00,7.00,0.00,0.80,1.20
1908.50,30124.00,431.75,431.98,6.00,7.00,0.00,0.80,1.20
2006.00,32447.00,431.95,432.00,7.00,7.00,0.00,0.80,1.20
1884.50,30125.00,431.90,432.10,7.00,7.00,0.00,0.80,1.20
1891.50,30111.00,431.98,432.00,6.00,6.00,0.00,0.80,1.20
1921.00,30117.00,431.80,431.99,7.00,7.00,0.00,0.80,1.20
1906.50,30120.00,431.92,432.07,6.00,6.00,0.00,0.80,1.20
1911.00,30116.00,431.97,432.00,7.00,7.00,0.00,0.80,1.20
1897.50,30129.00,431.88,431.98,7.00,7.00,0.00,0.80,1.20
2040.00,32440.00,431.95,432.02,6.00,6.00,0.00,0.80,1.20
1872.50,30108.00,431.84,432.01,7.00,7.00,0.00,0.80,1.20
1909.00,30131.00,431.91,432.03,6.00,7.00,0.00,0.80,1.20
1859.50,30115.00,431.84,431.98,7.00,7.00,0.00,0.80,1.20
1938.00,30115.00,432.09,432.18,7.00,7.00,0.00,0.80,1.20
1875.50,30113.00,431.89,432.01,6.00,7.00,0.00,0.80,1.20
1865.50,30110.00,431.80,431.98,7.00,7.00,0.00,0.80,1.20
2055.50,32426.00,432.00,432.02,6.00,6.00,0.00,0.80,1.20
1924.00,30110.00,431.91,431.98,7.00,7.00,0.00,0.80,1.20
1874.00,30117.00,431.81,431.98,6.00,6.00,0.00,0.80,1.20
1857.50,30108.00,431.81,432.01,7.00,7.00,0.00,0.80,1.20
1921.00,30142.00,431.91,431.99,6.00,6.00,0.00,0.80,1.20
1879.50,30132.00,431.84,432.00,7.00,7.00,0.00,0.80,1.20
1853.50,30114.00,431.79,431.99,7.00,7.00,0.00,0.80,1.20
1878.00,30112.00,431.84,431.99,6.00,6.00,0.00,0.80,1.20
1942.00,30115.00,431.82,431.98,7.00,7.00,0.00,0.80,1.20
2098.00,32433.00,431.86,432.00,6.00,6.00,0.00,0.80,1.20
1859.50,30131.00,431.93,432.15,7.00,7.00,0.00,0.80,1.20
1909.00,30128.00,431.75,431.99,6.00,6.00,0.00,0.80,1.20
1896.00,30131.00,431.89,432.19,7.00,7.00,0.00,0.80,1.20
1884.00,30117.00,431.77,431.98,7.00,7.00,0.00,0.80,1.20
1866.50,30133.00,431.98,432.03,6.00,6.00,0.00,0.80,1.20
1866.50,30106.00,431.85,432.01,7.00,7.00,0.00,0.80,1.20
2021.50,32436.00,431.86,431.99,6.00,6.00,0.00,0.80,1.20
1905.50,30123.00,431.78,432.00,7.00,7.00,0.00,0.80,1.20
1888.00,30129.00,432.00,432.04,7.00,7.00,0.00,0.80,1.20
1901.00,30106.00,431.97,432.17,6.00,7.00,0.00,0.80,1.20
1936.00,30118.00,431.82,432.00,7.00,7.00,0.00,0.80,1.20
1884.00,30116.00,431.92,432.00,6.00,6.00,0.00,0.80,1.20
2063.00,32430.00,431.71,432.01,7.00,7.00,0.00,0.80,1.20
1893.50,30127.00,431.97,432.11,7.00,7.00,0.00,0.80,1.20
1859.00,30122.00,431.70,431.98,6.00,7.00,0.00,0.80,1.20
1976.50,30108.00,431.99,432.15,7.00,7.00,0.00,0.80,1.20
1847.50,30113.00,431.92,432.13,6.00,6.00,0.00,0.80,1.20
1909.50,30107.00,431.99,432.12,7.00,7.00,0.00,0.80,1.20
1864.50,30116.00,431.93,432.03,6.00,6.00,0.00,0.80,1.20
1959.00,30134.00,431.94,432.00,7.00,7.00,0.00,0.80,1.20
1987.50,32437.00,431.98,432.12,6.00,7.00,0.00,0.80,1.20
1859.50,30117.00,431.84,431.98,7.00,7.00,0.00,0.80,1.20
1889.50,30124.00,431.93,432.13,7.00,7.00,0.00,0.80,1.20
1945.50,30121.00,431.90,432.09,6.00,7.00,0.00,0.80,1.20
1880.50,30119.00,431.97,432.05,7.00,7.00,0.00,0.80,1.20
2036.50,32324.00,431.87,432.00,6.00,7.00,0.00,0.80,1.20
1723.00,27709.00,431.80,431.99,7.00,7.00,0.00,0.80,1.20
1879.50,30120.00,431.99,432.08,6.00,6.00,0.00,0.80,1.20
1955.50,30138.00,431.66,431.98,7.00,7.00,0.00,0.80,1.20
1862.50,30113.00,431.97,432.01,6.00,6.00,0.00,0.80,1.20
1888.50,30152.00,431.92,432.04,7.00,7.00,0.00,0.80,1.20
1848.50,30101.00,431.91,431.98,6.00,6.00,0.00,0.80,1.20
1976.50,30127.00,431.90,431.97,7.00,7.00,0.00,0.80,1.20
1840.00,30115.00,432.03,432.09,6.00,6.00,0.00,0.80,1.20
1868.50,30117.00,431.98,432.04,7.00,7.00,0.00,0.80,1.20
1943.00,30118.00,432.01,432.11,6.00,6.00,0.00,0.80,1.20
1760.00,27808.00,431.89,432.00,6.50,7.00,0.00,0.80,1.20
1927.00,30114.00,431.76,431.99,6.50,7.00,0.00,0.80,1.20
1854.50,30126.00,431.83,432.06,6.00,6.00,0.00,0.80,1.20
1867.00,30143.00,431.86,432.09,7.00,7.00,0.00,0.80,1.20
1850.50,30111.00,431.94,432.19,6.00,6.00,0.00,0.80,1.20
1852.00,30120.00,431.72,432.01,7.00,7.00,0.00,0.80,1.20
1744.50,27808.00,431.94,432.00,6.00,6.00,0.00,0.80,1.20
1931.50,30118.00,431.99,432.09,6.00,6.00,0.00,0.80,1.20
1893.50,30139.00,431.74,432.00,7.00,7.00,0.00,0.80,1.20
1745.00,27798.00,431.81,432.01,6.00,6.00,0.00,0.80,1.20
1874.00,30138.00,431.98,431.99,6.00,6.00,0.00,0.80,1.20
1875.50,30113.00,431.95,432.01,7.00,7.00,0.00,0.80,1.20
1850.00,30127.00,432.00,432.09,6.00,6.00,0.00,0.80,1.20
1690.00,27796.00,432.02,432.13,7.00,7.00,0.00,0.80,1.20
1881.00,30121.00,431.75,431.99,6.00,7.00,0.00,0.80,1.20
1905.00,30108.00,431.92,431.99,6.00,6.00,0.00,0.80,1.20
1884.00,30117.00,431.79,431.98,7.00,7.00,0.00,0.80,1.20
1888.50,30118.00,431.82,431.97,6.00,6.00,0.00,0.80,1.20
1917.50,30111.00,431.87,431.97,7.00,7.00,0.00,0.80,1.20
1746.00,27803.00,431.66,431.97,6.00,6.00,0.00,0.80,1.20
1920.00,30113.00,431.85,432.02,7.00,7.00,0.00,0.80,1.20
1913.00,30110.00,431.95,432.03,6.00,6.00,0.00,0.80,1.20
1987.50,30122.00,431.85,432.17,6.00,6.00,0.00,0.80,1.20
1953.00,30113.00,431.93,432.01,7.00,7.00,0.00,0.80,1.20
1860.00,30113.00,431.94,432.11,6.00,6.00,0.00,0.80,1.20
1909.50,30112.00,431.84,431.99,7.00,7.00,0.00,0.80,1.20
1893.50,30125.00,431.76,432.00,6.00,6.00,0.00,0.80,1.20
1849.00,30090.00,431.85,431.99,7.00,7.00,0.00,0.80,1.20
1946.50,30106.00,431.80,431.97,6.00,6.00,0.00,0.80,1.20
1939.50,30118.00,431.83,432.00,7.00,7.00,0.00,0.80,1.20
1833.50,27817.00,431.94,432.05,6.00,6.00,0.00,0.80,1.20
1862.50,30120.00,431.94,431.97,7.00,7.00,0.00,0.80,1.20
1905.50,30123.00,431.96,432.00,6.00,6.00,0.00,0.80,1.20
1912.50,30120.00,432.02,432.07,6.00,7.00,0.00,0.80,1.20
1858.50,30112.00,432.02,432.09,7.00,7.00,0.00,0.80,1.20
1890.50,30124.00,431.93,431.98,7.00,7.00,0.00,0.80,1.20
1982.00,30118.00,431.89,432.00,6.00,7.00,0.00,0.80,1.20
1914.00,30120.00,431.84,431.97,6.00,6.00,0.00,0.80,1.20
1940.50,30106.00,431.81,432.04,7.00,7.00,0.00,0.80,1.20
1757.00,27810.00,432.04,432.09,6.00,6.00,0.00,0.80,1.20
1897.00,30125.00,432.02,432.04,7.00,7.00,0.00,0.80,1.20
1936.50,30116.00,431.73,432.00,6.00,6.00,0.00,0.80,1.20
1899.00,30117.00,431.81,431.98,6.00,7.00,0.00,0.80,1.20
1888.00,30118.00,432.00,432.15,7.00,7.00,0.00,0.80,1.20
1752.50,27805.00,431.89,432.13,6.00,6.00,0.00,0.80,1.20
1881.50,30123.00,431.88,432.01,7.00,7.00,0.00,0.80,1.20
1866.00,30124.00,431.84,431.98,6.00,6.00,0.00,0.80,1.20
1885.00,30116.00,431.83,432.00,6.00,7.00,0.00,0.80,1.20
1873.00,30124.00,431.71,431.98,7.00,7.00,0.00,0.80,1.20
1718.00,27799.00,431.85,432.09,6.00,6.00,0.00,0.80,1.20
1905.00,30123.00,431.95,432.04,7.00,7.00,0.00,0.80,1.20
1897.00,30111.00,431.74,432.00,6.00,6.00,0.00,0.80,1.20
1945.00,30111.00,431.66,432.00,7.00,7.00,0.00,0.80,1.20
1856.50,30124.00,431.72,431.98,6.00,6.00,0.00,0.80,1.20
1874.00,30130.00,431.76,431.99,7.00,7.00,0.00,0.80,1.20
1864.50,30118.00,431.99,432.05,6.00,6.00,0.00,0.80,1.20
1786.50,30110.00,431.85,431.98,6.00,7.00,0.00,0.80,1.20
1827.00,30144.00,431.93,432.04,7.00,7.00,0.00,0.80,1.20
1703.00,27796.00,431.88,432.00,6.00,6.00,0.00,0.80,1.20
1903.50,30105.00,431.95,432.03,7.00,7.00,0.00,0.80,1.20
1846.00,30112.00,431.93,432.18,6.00,6.00,0.00,0.80,1.20
1942.50,30108.00,431.94,432.06,7.00,7.00,0.00,0.80,1.20
1897.50,30120.00,431.86,432.02,6.00,6.00,0.00,0.80,1.20
1866.50,30103.00,431.84,431.98,6.00,7.00,0.00,0.80,1.20
1723.50,27801.00,431.72,432.00,7.00,7.00,0.00,0.80,1.20
1841.50,30113.00,431.96,432.04,6.00,6.00,0.00,0.80,1.20
1834.00,30113.00,431.96,432.01,7.00,7.00,0.00,0.80,1.20
1884.00,30113.00,431.80,431.97,6.00,6.00,0.00,0.80,1.20
1719.50,27801.00,431.92,432.00,6.00,6.00,0.00,0.80,1.20
1912.00,30108.00,432.00,432.03,7.00,7.00,0.00,0.80,1.20
1870.50,30125.00,431.93,432.07,6.00,6.00,0.00,0.80,1.20
1850.00,30122.00,431.87,431.98,7.00,7.00,0.00,0.80,1.20
1870.50,30120.00,431.95,432.09,6.00,6.00,0.00,0.80,1.20
1707.00,27815.00,431.99,432.11,6.00,6.00,0.00,0.80,1.20
1921.00,30108.00,431.97,432.03,7.00,7.00,0.00,0.80,1.20
1862.50,30130.00,431.74,431.99,6.00,6.00,0.00,0.80,1.20
1864.50,30125.00,431.83,432.00,7.00,7.00,0.00,0.80,1.20
1843.50,30127.00,431.79,432.00,6.00,7.00,0.00,0.80,1.20
1719.00,27807.00,431.75,431.98,6.00,7.00,0.00,0.80,1.20
1850.00,30132.00,431.89,432.00,7.00,7.00,0.00,0.80,1.20
1871.00,30117.00,431.87,431.98,6.00,6.00,0.00,0.80,1.20
1875.00,30115.00,431.73,431.98,7.00,7.00,0.00,0.80,1.20
1712.00,27793.00,431.97,432.06,6.00,6.00,0.00,0.80,1.20
1938.50,30131.00,431.90,431.98,6.00,6.00,0.00,0.80,1.20
1879.50,30118.00,431.78,431.97,7.00,7.00,0.00,0.80,1.20
1889.50,30130.00,431.85,432.09,6.00,6.00,0.00,0.80,1.20
1872.50,30123.00,431.82,432.00,7.00,7.00,0.00,0.80,1.20
1876.50,30115.00,431.85,432.10,6.00,6.00,0.00,0.80,1.20
1705.00,27809.00,431.96,431.98,6.00,6.00,0.00,0.80,1.20
1875.50,30128.00,431.92,432.08,7.00,7.00,0.00,0.80,1.20
1895.00,30116.00,431.76,432.00,6.00,6.00,0.00,0.80,1.20
1871.00,30120.00,431.67,432.01,7.00,7.00,0.00,0.80,1.20
1891.50,30115.00,431.87,432.08,6.00,6.00,0.00,0.80,1.20
1894.00,30130.00,432.01,432.04,7.00,7.00,0.00,0.80,1.20
1928.00,30113.00,431.79,431.97,6.00,6.00,0.00,0.80,1.20
1860.50,30133.00,431.94,432.01,7.00,7.00,0.00,0.80,1.20
1865.00,30131.00,431.84,431.98,6.00,7.00,0.00,0.80,1.20
1894.00,30106.00,431.89,432.01,7.00,7.00,0.00,0.80,1.20
1884.00,30147.00,431.98,432.15,6.00,6.00,0.00,0.80,1.20
1886.50,30135.00,431.81,431.99,7.00,7.00,0.00,0.80,1.20
1757.00,27790.00,431.86,432.11,6.00,6.00,0.00,0.80,1.20
1897.50,30119.00,431.92,431.99,6.00,7.00,0.00,0.80,1.20
1914.50,30112.00,431.86,431.99,7.00,7.00,0.00,0.80,1.20
1877.00,30125.00,431.80,432.00,6.00,6.00,0.00,0.80,1.20
1850.50,30118.00,431.82,432.00,7.00,7.00,0.00,0.80,1.20
1921.00,30130.00,431.91,431.99,6.00,6.00,0.00,0.80,1.20
1748.50,27795.00,431.64,431.98,7.00,7.00,0.00,0.80,1.20
1959.00,30137.00,431.96,432.00,6.00,6.00,0.00,0.80,1.20
1865.00,30137.00,431.65,431.99,6.00,6.00,0.00,0.80,1.20
1903.50,30128.00,431.80,432.06,7.00,7.00,0.00,0.80,1.20
1720.50,27818.00,431.94,432.01,6.00,6.00,0.00,0.80,1.20
1995.50,30097.00,431.94,432.06,7.00,7.00,0.00,0.80,1.20
1864.50,30122.00,431.87,431.98,6.00,6.00,0.00,0.80,1.20
1891.00,30123.00,431.91,432.00,7.00,7.00,0.00,0.80,1.20
1883.00,30128.00,431.76,431.99,6.00,6.00,0.00,0.80,1.20
1893.00,30139.00,431.84,432.03,6.50,7.00,0.00,0.80,1.20
1895.50,30130.00,431.81,431.99,6.50,7.00,0.00,0.80,1.20
1714.00,27812.00,431.78,431.97,6.00,6.00,0.00,0.80,1.20
2079.00,32449.00,431.94,432.00,7.00,7.00,0.00,0.80,1.20
1866.50,30123.00,431.82,432.00,6.00,6.00,0.00,0.80,1.20
1878.00,30125.00,431.88,432.00,7.00,7.00,0.00,0.80,1.20
1720.00,27815.00,431.87,432.00,6.00,6.00,0.00,0.80,1.20
1918.00,30164.00,431.90,432.11,7.00,7.00,0.00,0.80,1.20
1858.50,30125.00,431.95,432.03,6.00,6.00,0.00,0.80,1.20
1877.00,30128.00,431.81,431.99,7.00,7.00,0.00,0.80,1.20
1868.50,30111.00,431.90,432.00,6.00,6.00,0.00,0.80,1.20
1899.00,30127.00,431.91,432.11,6.00,6.00,0.00,0.80,1.20
1736.50,27808.00,431.82,432.00,7.00,7.00,0.00,0.80,1.20
1869.50,30148.00,431.99,432.02,6.00,6.00,0.00,0.80,1.20
1871.00,30130.00,431.91,431.99,7.00,7.00,0.00,0.80,1.20
1920.50,30134.00,431.89,432.06,6.00,6.00,0.00,0.80,1.20
1971.00,30131.00,431.99,432.02,6.00,6.00,0.00,0.80,1.20
1726.00,27814.00,431.92,431.98,7.00,7.00,0.00,0.80,1.20
1926.50,30129.00,431.94,432.10,6.00,6.00,0.00,0.80,1.20
2020.50,30107.00,431.83,432.09,7.00,7.00,0.00,0.80,1.20
1899.50,30111.00,432.00,432.05,6.00,6.00,0.00,0.80,1.20
1894.50,30107.00,432.04,432.11,7.00,7.00,0.00,0.80,1.20
1868.00,30136.00,432.00,432.03,6.00,6.00,0.00,0.80,1.20
1886.00,30131.00,431.77,431.98,6.00,6.00,0.00,0.80,1.20
1743.50,27777.00,431.84,432.08,7.00,7.00,0.00,0.80,1.20
1897.00,30113.00,431.74,432.01,6.00,6.00,0.00,0.80,1.20
1916.00,30101.00,431.89,431.98,7.00,7.00,0.00,0.80,1.20
1885.00,30124.00,431.97,432.04,6.00,6.00,0.00,0.80,1.20
1854.50,30133.00,431.92,432.14,7.00,7.00,0.00,0.80,1.20
1881.50,30102.00,431.84,432.00,6.00,6.00,0.00,0.80,1.20
1931.50,30129.00,431.92,432.01,7.00,7.00,0.00,0.80,1.20
1836.00,30123.00,431.73,432.00,6.00,6.00,0.00,0.80,1.20
1860.00,30132.00,431.87,432.05,7.00,7.00,0.00,0.80,1.20
1674.50,27812.00,431.97,432.00,6.00,6.00,0.00,0.80,1.20
1880.00,30131.00,431.91,431.98,6.00,6.00,0.00,0.80,1.20
1837.50,30124.00,431.99,432.07,7.00,7.00,0.00,0.80,1.20
1945.50,30106.00,431.96,432.03,6.00,6.00,0.00,0.80,1.20
1831.50,27784.00,432.02,432.11,6.00,7.00,0.00,0.80,1.20
1896.50,30153.00,431.85,432.00,7.00,7.00,0.00,0.80,1.20
1855.00,30128.00,432.01,432.13,6.00,6.00,0.00,0.80,1.20
1868.50,30131.00,432.07,432.17,7.00,7.00,0.00,0.80,1.20
1900.00,30110.00,431.87,432.12,6.00,6.00,0.00,0.80,1.20
1889.00,30109.00,431.86,432.04,7.00,7.00,0.00,0.80,1.20
1933.00,30115.00,431.97,432.01,6.00,6.00,0.00,0.80,1.20
1919.00,30127.00,431.73,432.00,7.00,7.00,0.00,0.80,1.20
1918.00,30129.00,431.76,432.01,6.00,6.00,0.00,0.80,1.20
1777.00,27810.00,431.94,432.00,6.00,7.00,0.00,0.80,1.20
2061.00,32446.00,431.80,432.03,7.00,7.00,0.00,0.80,1.20
1781.00,27817.00,431.78,432.00,6.50,7.00,0.00,0.80,1.20
1875.50,30126.00,431.69,431.99,6.50,7.00,0.00,0.80,1.20
1794.00,30107.00,431.84,431.99,6.00,6.00,0.00,0.80,1.20
1862.50,30131.00,431.98,432.13,7.00,7.00,0.00,0.80,1.20
1851.00,30102.00,431.85,432.04,6.00,6.00,0.00,0.80,1.20
2110.50,32438.00,431.89,431.99,7.00,7.00,0.00,0.80,1.20
